Runes,192,64,0003613D,0,1,1,4294967295,0,0
CubeMan,224,64,00265F5E,0,1,1,4294967295,0,0
AutoSign,96,288,29FD2A07,0,1,1,4294967295,0,1
AutoSign,384,544,EACF9E0E,0,1,1,4294967295,0,1
AutoSign,192,480,8273E27D,0,1,1,4294967295,0,1
ItemKeyBlock,736,448,001092B9,0,1,1,4294967295,0,0
ItemTrinket3,480,512,D1CB696A,0,1,1,4294967295,0,1
ItemTrinket8,640,512,59A34556,0,1,1,4294967295,0,1
ItemTrinket6,576,512,58E368F4,0,1,1,4294967295,0,1
ItemTrinket2,448,512,46245412,0,1,1,4294967295,0,1
ItemTrinket7,608,512,436B4297,0,1,1,4294967295,0,1
ItemTrinket1,416,512,42A928A0,0,1,1,4294967295,0,1
ItemTrinket4,512,512,5BE5FB0F,0,1,1,4294967295,0,1
ItemTrinket5,544,512,4462EA4B,0,1,1,4294967295,0,1
RenTiler,224,32,0027C27A,0,1,1,4294967295,0,0
Block,0,0,003A9695,0,1,1,4294967295,0,0
Block,0,32,00042ADA,0,1,1,4294967295,0,0
Block,0,64,00184028,0,1,1,4294967295,0,0
Block,0,96,00074238,0,1,1,4294967295,0,0
Block,0,128,001495E5,0,1,1,4294967295,0,0
Block,0,160,0030E543,0,1,1,4294967295,0,0
Block,0,192,00245DE0,0,1,1,4294967295,0,0
Block,0,224,00148505,0,1,1,4294967295,0,0
Block,0,256,00371044,0,1,1,4294967295,0,0
Block,0,288,001320B4,0,1,1,4294967295,0,0
Block,0,320,0038B8BF,0,1,1,4294967295,0,0
Block,0,416,003A9510,0,1,1,4294967295,0,0
Block,256,576,003CD3CA,0,1,1,4294967295,0,0
Block,288,576,000F5195,0,1,1,4294967295,0,0
Block,320,576,0031CA8B,0,1,1,4294967295,0,0
Block,352,576,003BEB32,0,1,1,4294967295,0,0
Block,384,576,0029B0A6,0,1,1,4294967295,0,0
Block,416,576,00248F29,0,1,1,4294967295,0,0
Block,448,576,003D0029,0,1,1,4294967295,0,0
Block,480,576,00029288,0,1,1,4294967295,0,0
Block,512,576,000A5302,0,1,1,4294967295,0,0
Block,544,576,003B337A,0,1,1,4294967295,0,0
Block,576,576,001432AF,0,1,1,4294967295,0,0
Block,608,576,000765FB,0,1,1,4294967295,0,0
Block,640,576,001D2FD4,0,1,1,4294967295,0,0
Block,672,576,003D5632,0,1,1,4294967295,0,0
Block,704,576,000ECFF7,0,1,1,4294967295,0,0
Block,736,576,0027BE8B,0,1,1,4294967295,0,0
Block,768,576,001E4FAB,0,1,1,4294967295,0,0
Block,768,544,000AAD3F,0,1,1,4294967295,0,0
Block,768,512,001F7800,0,1,1,4294967295,0,0
Block,768,416,0025EE59,0,1,1,4294967295,0,0
Block,768,256,001926FF,0,1,1,4294967295,0,0
Block,768,224,001972EF,0,1,1,4294967295,0,0
Block,768,384,0005A047,0,1,1,4294967295,0,0
Block,768,352,001B1C88,0,1,1,4294967295,0,0
Block,768,320,0019230E,0,1,1,4294967295,0,0
Block,768,288,00203DD9,0,1,1,4294967295,0,0
Block,768,192,00367B38,0,1,1,4294967295,0,0
Block,768,160,002FF4FA,0,1,1,4294967295,0,0
Block,768,128,0026F42E,0,1,1,4294967295,0,0
Block,768,96,000F963A,0,1,1,4294967295,0,0
Block,768,64,0012EA5B,0,1,1,4294967295,0,0
Block,768,32,000D4AF7,0,1,1,4294967295,0,0
Block,768,0,001F92ED,0,1,1,4294967295,0,0
Block,736,0,003FF480,0,1,1,4294967295,0,0
Block,704,0,003CAE98,0,1,1,4294967295,0,0
Block,672,0,00295FB3,0,1,1,4294967295,0,0
Block,640,0,0010236E,0,1,1,4294967295,0,0
Block,608,0,0034DC18,0,1,1,4294967295,0,0
Block,576,0,000A2922,0,1,1,4294967295,0,0
Block,544,0,0025274C,0,1,1,4294967295,0,0
Block,512,0,0028AB2E,0,1,1,4294967295,0,0
Block,480,0,003608E5,0,1,1,4294967295,0,0
Block,448,0,0025119F,0,1,1,4294967295,0,0
Block,416,0,001958F0,0,1,1,4294967295,0,0
Block,384,0,002A6700,0,1,1,4294967295,0,0
Block,352,0,003BF76B,0,1,1,4294967295,0,0
Block,320,0,000E5A7B,0,1,1,4294967295,0,0
Block,288,0,003B73EF,0,1,1,4294967295,0,0
Block,256,0,002E16C2,0,1,1,4294967295,0,0
Block,224,0,002A7B70,0,1,1,4294967295,0,0
Block,192,0,0020363B,0,1,1,4294967295,0,0
Block,160,0,0006C8EC,0,1,1,4294967295,0,0
Block,128,0,0026E590,0,1,1,4294967295,0,0
Block,96,0,001F3E7F,0,1,1,4294967295,0,0
Block,64,0,002B555B,0,1,1,4294967295,0,0
Block,32,0,00094BA3,0,1,1,4294967295,0,0
Block,704,128,00171BCB,0,1,1,4294967295,0,0
Block,736,128,0011049F,0,1,1,4294967295,0,0
Block,288,128,002AEDAF,0,1,1,4294967295,0,0
Block,320,128,00395BAF,0,1,1,4294967295,0,0
Block,352,128,00306CDB,0,1,1,4294967295,0,0
Block,416,128,002DC2E2,0,1,1,4294967295,0,0
Block,448,128,000B0541,0,1,1,4294967295,0,0
Block,480,128,002A9D2C,0,1,1,4294967295,0,0
Block,544,128,001EF078,0,1,1,4294967295,0,0
Block,576,128,00022092,0,1,1,4294967295,0,0
Block,608,128,0005FF54,0,1,1,4294967295,0,0
Block,32,160,0038D7E0,0,1,1,4294967295,0,0
Block,736,512,0004EAB5,0,1,1,4294967295,0,0
Block,736,384,00292A3D,0,1,1,4294967295,0,0
Block,704,384,00366950,0,1,1,4294967295,0,0
Block,288,384,002F7A3E,0,1,1,4294967295,0,0
Block,320,384,0026D31B,0,1,1,4294967295,0,0
Block,352,384,0024E286,0,1,1,4294967295,0,0
Block,416,384,002D4715,0,1,1,4294967295,0,0
Block,448,384,003927A3,0,1,1,4294967295,0,0
Block,480,384,0030B29B,0,1,1,4294967295,0,0
Block,544,384,0015B2FF,0,1,1,4294967295,0,0
Block,576,384,00352A5D,0,1,1,4294967295,0,0
Block,608,384,00110731,0,1,1,4294967295,0,0
Block,672,128,000DC13A,0,1,1,4294967295,0,0
Block,640,384,000A6967,0,1,1,4294967295,0,0
Block,672,384,00382F1B,0,1,1,4294967295,0,0
Block,672,256,003B1A87,0,1,1,4294967295,0,0
Block,640,256,0005067A,0,1,1,4294967295,0,0
Block,608,256,000FE1E2,0,1,1,4294967295,0,0
Block,576,256,00110DD4,0,1,1,4294967295,0,0
Block,544,256,002A521E,0,1,1,4294967295,0,0
Block,448,256,0009B6A8,0,1,1,4294967295,0,0
Block,416,256,000D78D1,0,1,1,4294967295,0,0
Block,352,256,002A788F,0,1,1,4294967295,0,0
Block,320,256,0030661B,0,1,1,4294967295,0,0
Block,288,256,000E6596,0,1,1,4294967295,0,0
Block,736,256,004034D5,0,1,1,4294967295,0,0
Block,704,256,0040192B,0,1,1,4294967295,0,0
Block,480,256,0032AD37,0,1,1,4294967295,0,0
Block,-32,416,00324759,0,1,1,4294967295,0,0
Block,-32,320,002DFBF8,0,1,1,4294967295,0,0
Block,224,576,00081C9B,0,1,1,4294967295,0,0
Block,192,576,003C8FBE,0,1,1,4294967295,0,0
Block,0,448,0003E5AF,0,1,1,4294967295,0,0
Block,0,480,0024340E,0,1,1,4294967295,0,0
Block,0,512,0011FED1,0,1,1,4294967295,0,0
Block,0,544,0000E32B,0,1,1,4294967295,0,0
Block,0,576,002E9716,0,1,1,4294967295,0,0
Block,32,576,0024E6EB,0,1,1,4294967295,0,0
Block,64,576,003626B9,0,1,1,4294967295,0,0
Block,96,576,00085041,0,1,1,4294967295,0,0
Block,128,576,0032C862,0,1,1,4294967295,0,0
Block,160,576,0025C86A,0,1,1,4294967295,0,0
Block,576,544,00171DA0,0,1,1,4294967295,0,0
Block,448,544,003376F5,0,1,1,4294967295,0,0
Block,640,544,00191CB6,0,1,1,4294967295,0,0
Block,256,544,000545C3,0,1,1,4294967295,0,0
Block,416,544,00055D02,0,1,1,4294967295,0,0
Block,128,160,0003A035,0,1,1,4294967295,0,0
Block,64,160,0025B11A,0,1,1,4294967295,0,0
TextDraw,112,80,EAC8868F,0,1,1,4294967295,0,1
TextDraw,528,48,0070BF22,0,1,1,4294967295,0,1
TextDraw,528,176,1ECA6017,0,1,1,4294967295,0,1
TextDraw,528,304,1249C3B4,0,1,1,4294967295,0,1
TextDraw,544,464,576A4DB4,0,1,1,4294967295,0,1
Block,384,128,003C320A,0,1,1,4294967295,0,0
Block,384,256,0009A521,0,1,1,4294967295,0,0
Block,384,384,0003C810,0,1,1,4294967295,0,0
Block,512,384,0037E28F,0,1,1,4294967295,0,0
Block,512,256,0028CEB0,0,1,1,4294967295,0,0
Block,512,128,003AD2EE,0,1,1,4294967295,0,0
Block,640,128,0033998B,0,1,1,4294967295,0,0
Block,736,544,001D20CF,0,1,1,4294967295,0,0
Block,480,544,0000E19F,0,1,1,4294967295,0,0
Block,512,544,00168BC8,0,1,1,4294967295,0,0
Block,544,544,003CBCCC,0,1,1,4294967295,0,0
Block,288,512,00403AA4,0,1,1,4294967295,0,0
Block,256,512,0039FE01,0,1,1,4294967295,0,0
Block,224,512,00308124,0,1,1,4294967295,0,0
Block,256,384,0010D3B4,0,1,1,4294967295,0,0
Block,256,256,003AA6EF,0,1,1,4294967295,0,0
Block,224,384,00252F46,0,1,1,4294967295,0,0
Block,96,160,003E56EF,0,1,1,4294967295,0,0
Block,608,544,0022D048,0,1,1,4294967295,0,0
Block,32,416,003779B4,0,1,1,4294967295,0,0
Block,-32,0,0005D17E,0,1,1,4294967295,0,0
Block,-32,32,00036FF3,0,1,1,4294967295,0,0
Block,-32,64,00349A65,0,1,1,4294967295,0,0
Block,-32,96,001C137C,0,1,1,4294967295,0,0
Block,-32,128,001CB400,0,1,1,4294967295,0,0
Block,-32,160,000D1DF5,0,1,1,4294967295,0,0
Block,-32,192,00233C3D,0,1,1,4294967295,0,0
Block,-32,224,00263023,0,1,1,4294967295,0,0
Block,-32,256,000EED2C,0,1,1,4294967295,0,0
Block,-32,288,001BD24D,0,1,1,4294967295,0,0
Block,-32,448,00188414,0,1,1,4294967295,0,0
Block,-32,480,0034A965,0,1,1,4294967295,0,0
Block,-32,512,000E432E,0,1,1,4294967295,0,0
Block,-32,544,00053944,0,1,1,4294967295,0,0
Block,-32,576,00384EEA,0,1,1,4294967295,0,0
Block,-32,608,0022498D,0,1,1,4294967295,0,0
Block,0,608,0010F1F2,0,1,1,4294967295,0,0
Block,32,608,002E8B00,0,1,1,4294967295,0,0
Block,64,608,001DBB79,0,1,1,4294967295,0,0
Block,96,608,000B7D41,0,1,1,4294967295,0,0
Block,128,608,00064B66,0,1,1,4294967295,0,0
Block,160,608,00085785,0,1,1,4294967295,0,0
Block,192,608,0021DC54,0,1,1,4294967295,0,0
Block,224,608,0036318E,0,1,1,4294967295,0,0
Block,256,608,000123D0,0,1,1,4294967295,0,0
Block,288,608,0007C21C,0,1,1,4294967295,0,0
Block,320,608,003B6B73,0,1,1,4294967295,0,0
Block,352,608,002C18D9,0,1,1,4294967295,0,0
Block,384,608,00040A25,0,1,1,4294967295,0,0
Block,416,608,00243F56,0,1,1,4294967295,0,0
Block,448,608,00004512,0,1,1,4294967295,0,0
Block,480,608,003B687A,0,1,1,4294967295,0,0
Block,512,608,000F7C95,0,1,1,4294967295,0,0
Block,544,608,001B9851,0,1,1,4294967295,0,0
Block,576,608,003FEB39,0,1,1,4294967295,0,0
Block,608,608,0028BE48,0,1,1,4294967295,0,0
Block,640,608,0000A95E,0,1,1,4294967295,0,0
Block,672,608,002D6753,0,1,1,4294967295,0,0
Block,704,608,002A4B89,0,1,1,4294967295,0,0
Block,736,608,00034A71,0,1,1,4294967295,0,0
Block,768,608,000A9FDE,0,1,1,4294967295,0,0
Block,800,608,0013BCBC,0,1,1,4294967295,0,0
Block,800,576,0034258B,0,1,1,4294967295,0,0
Block,800,544,00008ABD,0,1,1,4294967295,0,0
Block,800,512,0022F00A,0,1,1,4294967295,0,0
Block,800,416,001ECE70,0,1,1,4294967295,0,0
Block,800,384,0003A077,0,1,1,4294967295,0,0
Block,800,352,0025240C,0,1,1,4294967295,0,0
Block,800,320,00305CCE,0,1,1,4294967295,0,0
Block,800,288,000C0A94,0,1,1,4294967295,0,0
Block,800,256,0040155C,0,1,1,4294967295,0,0
Block,800,224,002606AB,0,1,1,4294967295,0,0
Block,800,192,001A4ABA,0,1,1,4294967295,0,0
Block,800,160,0021CB53,0,1,1,4294967295,0,0
Block,800,128,0023166D,0,1,1,4294967295,0,0
Block,800,96,0021CBE4,0,1,1,4294967295,0,0
Block,800,64,0023A579,0,1,1,4294967295,0,0
Block,800,32,00159FFA,0,1,1,4294967295,0,0
Block,800,0,00330489,0,1,1,4294967295,0,0
Block,800,-32,0009A0C1,0,1,1,4294967295,0,0
Block,768,-32,0000E9BF,0,1,1,4294967295,0,0
Block,736,-32,0010C027,0,1,1,4294967295,0,0
Block,704,-32,003261F7,0,1,1,4294967295,0,0
Block,672,-32,00002F39,0,1,1,4294967295,0,0
Block,640,-32,0017BC9B,0,1,1,4294967295,0,0
Block,608,-32,003FEA7C,0,1,1,4294967295,0,0
Block,576,-32,003EFCD3,0,1,1,4294967295,0,0
Block,544,-32,000D132C,0,1,1,4294967295,0,0
Block,512,-32,0022E4A3,0,1,1,4294967295,0,0
Block,480,-32,002D4C33,0,1,1,4294967295,0,0
Block,448,-32,0014BD9C,0,1,1,4294967295,0,0
Block,416,-32,00255197,0,1,1,4294967295,0,0
Block,384,-32,000542B5,0,1,1,4294967295,0,0
Block,352,-32,000A1FC0,0,1,1,4294967295,0,0
Block,320,-32,000B7EE5,0,1,1,4294967295,0,0
Block,288,-32,00282A72,0,1,1,4294967295,0,0
Block,256,-32,002ACE33,0,1,1,4294967295,0,0
Block,224,-32,001B0876,0,1,1,4294967295,0,0
Block,192,-32,0011D3CE,0,1,1,4294967295,0,0
Block,160,-32,003A90AD,0,1,1,4294967295,0,0
Block,128,-32,001B8A8A,0,1,1,4294967295,0,0
Block,96,-32,00381564,0,1,1,4294967295,0,0
Block,64,-32,00295C5C,0,1,1,4294967295,0,0
Block,32,-32,002B0A5F,0,1,1,4294967295,0,0
Block,0,-32,0024691E,0,1,1,4294967295,0,0
Block,-32,-32,0005F3B4,0,1,1,4294967295,0,0
Block,736,416,003939DC,0,1,1,4294967295,0,0
Block,704,512,002CF039,0,1,1,4294967295,0,0
Block,192,512,0028A260,0,1,1,4294967295,0,0
Block,320,512,002BA0B9,0,1,1,4294967295,0,0
Block,160,160,0026E1AE,0,1,1,4294967295,0,0
Block,64,512,0029CC19,0,1,1,4294967295,0,0
Block,288,544,00152FBA,0,1,1,4294967295,0,0
Block,224,544,000B237A,0,1,1,4294967295,0,0
Block,64,544,00340FB6,0,1,1,4294967295,0,0
Block,32,448,003B7FC4,0,1,1,4294967295,0,0
Block,32,480,0037A756,0,1,1,4294967295,0,0
Block,32,512,0008C712,0,1,1,4294967295,0,0
Block,32,544,0000911D,0,1,1,4294967295,0,0
Block,32,320,0022CFB9,0,1,1,4294967295,0,0
Block,64,320,00011696,0,1,1,4294967295,0,0
Block,96,320,0033A8BA,0,1,1,4294967295,0,0
Block,128,320,003015FD,0,1,1,4294967295,0,0
Block,64,416,000FF555,0,1,1,4294967295,0,0
Block,64,448,00353EB6,0,1,1,4294967295,0,0
Block,64,480,000A0DB8,0,1,1,4294967295,0,0
Block,96,416,003F8D85,0,1,1,4294967295,0,0
MusicPlayer,160,64,000E2E47,0,1,1,4294967295,0,0
OutsideWarp,-32,352,FC1658AD,0,1,1,4294967295,0,1
HubWarp,64,96,89428942,0,1,1,4294967295,0,1
HubWarp,576,320,63BC968E,0,1,1,4294967295,0,1
HubWarp,704,192,0A6CD9BA,0,1,1,4294967295,0,1
HubWarp,704,320,19700054,0,1,1,4294967295,0,1
HubWarp,448,320,082A67E3,0,1,1,4294967295,0,1
HubWarp,320,192,0F23CF3F,0,1,1,4294967295,0,1
HubWarp,448,192,0D657166,0,1,1,4294967295,0,1
HubWarp,576,192,0CA71B51,0,1,1,4294967295,0,1
HubWarp,320,320,09E80DD4,0,1,1,4294967295,0,1
HubWarp,704,64,EF634233,0,1,1,4294967295,0,1
HubWarp,576,64,EA2C54B6,0,1,1,4294967295,0,1
HubWarp,448,64,EBEE3E81,0,1,1,4294967295,0,1
HubWarp,320,64,E9A880D8,0,1,1,4294967295,0,1
RenSave,64,288,003F76F8,0,1,1,4294967295,0,0
TimerFreeze,160,32,001DC8AE,0,1,1,4294967295,0,0
OutsideWarp,800,448,836C3EAF,0,1,1,4294967295,0,1
OutsideWarp,800,480,00278847,0,1,1,4294967295,0,1
BeamNormal,776,480,00223350,0,1,1,4294967295,0,0
BeamNormal,776,448,002B5EE5,0,1,1,4294967295,0,0
Rervnberb,256,32,003BA68E,0,1,1,4294967295,0,0
GlobalItem1,256,480,0023048D,0,1,1,4294967295,0,0
HubWarp,128,96,6B2139C3,0,1,1,4294967295,0,1
PlayerStart,0,384,0018ED5E,0,1,1,4294967295,0,0
MirrorBlocks,192,32,001C332C,0,1,1,4294967295,0,0
