backgroundFit,32,128,0014AC38,0,1,1,4294967295,0,0
RenTiler,32,96,00357052,0,1,1,4294967295,0,0
Block,0,192,0009C6B4,0,1,1,4294967295,0,0
Block,0,224,001179AC,0,1,1,4294967295,0,0
Block,0,256,000B7A24,0,1,1,4294967295,0,0
Block,0,288,000DB0A7,0,1,1,4294967295,0,0
Block,0,320,0009B7BB,0,1,1,4294967295,0,0
Block,0,352,002177EA,0,1,1,4294967295,0,0
Block,0,384,00116450,0,1,1,4294967295,0,0
Block,0,416,001CA684,0,1,1,4294967295,0,0
Block,0,448,0014639F,0,1,1,4294967295,0,0
Block,0,480,0000294F,0,1,1,4294967295,0,0
Block,0,512,001F6BAF,0,1,1,4294967295,0,0
Block,0,544,00361A4D,0,1,1,4294967295,0,0
Block,0,576,00080671,0,1,1,4294967295,0,0
Block,32,576,003427F2,0,1,1,4294967295,0,0
Block,64,576,001A6A56,0,1,1,4294967295,0,0
Block,96,576,000B9769,0,1,1,4294967295,0,0
Block,128,576,003DEFB1,0,1,1,4294967295,0,0
Block,160,576,00369505,0,1,1,4294967295,0,0
Block,192,576,003E47F8,0,1,1,4294967295,0,0
Block,224,576,0037F0EF,0,1,1,4294967295,0,0
Block,256,576,00361E5B,0,1,1,4294967295,0,0
Block,288,576,0028EAB9,0,1,1,4294967295,0,0
Block,320,576,0024FE24,0,1,1,4294967295,0,0
Block,352,576,002B5024,0,1,1,4294967295,0,0
Block,384,576,003367BC,0,1,1,4294967295,0,0
Block,416,576,00147676,0,1,1,4294967295,0,0
Block,448,576,00302939,0,1,1,4294967295,0,0
Block,480,576,002A1F5D,0,1,1,4294967295,0,0
Block,512,576,000CF9A1,0,1,1,4294967295,0,0
Block,544,576,0023A22D,0,1,1,4294967295,0,0
Block,576,576,0013EBCB,0,1,1,4294967295,0,0
Block,608,576,0039EDFE,0,1,1,4294967295,0,0
Block,640,576,001DF44F,0,1,1,4294967295,0,0
Block,672,576,0026B3C5,0,1,1,4294967295,0,0
Block,704,576,0001B1C4,0,1,1,4294967295,0,0
Block,736,576,003C1D93,0,1,1,4294967295,0,0
Block,768,576,000576E1,0,1,1,4294967295,0,0
Block,768,544,000AC358,0,1,1,4294967295,0,0
Block,768,512,0017FAAC,0,1,1,4294967295,0,0
Block,768,480,0010DB60,0,1,1,4294967295,0,0
Block,768,448,0019A960,0,1,1,4294967295,0,0
Block,768,416,001C1F9A,0,1,1,4294967295,0,0
Block,768,384,003937F5,0,1,1,4294967295,0,0
Block,768,352,0038C659,0,1,1,4294967295,0,0
Block,768,320,00073AFE,0,1,1,4294967295,0,0
Block,768,288,003F0D43,0,1,1,4294967295,0,0
Block,768,256,00183718,0,1,1,4294967295,0,0
Block,768,224,00162F05,0,1,1,4294967295,0,0
Block,768,192,000B0D02,0,1,1,4294967295,0,0
Block,768,128,002FB685,0,1,1,4294967295,0,0
Block,768,96,00396EF5,0,1,1,4294967295,0,0
Block,512,416,0012D2D1,0,1,1,4294967295,0,0
Block,512,448,003B28DE,0,1,1,4294967295,0,0
Block,416,416,002DDF3D,0,1,1,4294967295,0,0
Block,320,448,002AA147,0,1,1,4294967295,0,0
Block,320,384,0029BA7B,0,1,1,4294967295,0,0
Block,320,352,0017D006,0,1,1,4294967295,0,0
Block,256,384,0031D707,0,1,1,4294967295,0,0
Block,256,448,003E5E67,0,1,1,4294967295,0,0
Block,288,448,00309752,0,1,1,4294967295,0,0
Block,224,480,0034CFE5,0,1,1,4294967295,0,0
Block,384,544,002CCBD5,0,1,1,4294967295,0,0
Block,128,480,000AADC9,0,1,1,4294967295,0,0
Block,128,384,0003041A,0,1,1,4294967295,0,0
Block,128,320,000D8636,0,1,1,4294967295,0,0
Block,128,288,003A530C,0,1,1,4294967295,0,0
Block,128,256,00317D6B,0,1,1,4294967295,0,0
Block,128,224,002B5FB1,0,1,1,4294967295,0,0
Block,128,192,001E1CB7,0,1,1,4294967295,0,0
Block,160,192,003D2B3F,0,1,1,4294967295,0,0
Block,192,192,00288D4C,0,1,1,4294967295,0,0
Block,224,192,00123C52,0,1,1,4294967295,0,0
Block,224,160,001C4D79,0,1,1,4294967295,0,0
Block,224,128,003AD221,0,1,1,4294967295,0,0
Block,320,128,0020BE29,0,1,1,4294967295,0,0
Block,320,288,002853EF,0,1,1,4294967295,0,0
Block,288,288,0001465A,0,1,1,4294967295,0,0
Block,256,288,0002AE27,0,1,1,4294967295,0,0
Block,224,320,00118C38,0,1,1,4294967295,0,0
Block,192,320,00211A95,0,1,1,4294967295,0,0
Block,160,320,0026B80F,0,1,1,4294967295,0,0
Block,0,160,00374055,0,1,1,4294967295,0,0
Block,0,128,0022257B,0,1,1,4294967295,0,0
Block,0,96,0038419F,0,1,1,4294967295,0,0
Block,0,64,00017A92,0,1,1,4294967295,0,0
Block,0,32,002D3FB3,0,1,1,4294967295,0,0
Block,0,0,00061DD4,0,1,1,4294967295,0,0
Block,32,0,004004A8,0,1,1,4294967295,0,0
Block,64,0,00153FCA,0,1,1,4294967295,0,0
Block,96,0,001B826B,0,1,1,4294967295,0,0
Block,128,0,0000EB3B,0,1,1,4294967295,0,0
Block,160,0,0018A833,0,1,1,4294967295,0,0
Block,192,0,0035FFE3,0,1,1,4294967295,0,0
Block,224,0,0008991D,0,1,1,4294967295,0,0
Block,256,0,0014FFEC,0,1,1,4294967295,0,0
Block,288,0,000B99BA,0,1,1,4294967295,0,0
Block,320,0,0020E7DF,0,1,1,4294967295,0,0
Block,352,0,001CFCAE,0,1,1,4294967295,0,0
Block,384,0,0003298A,0,1,1,4294967295,0,0
Block,416,0,0006F79A,0,1,1,4294967295,0,0
Block,448,0,0012794A,0,1,1,4294967295,0,0
Block,480,0,004029D0,0,1,1,4294967295,0,0
Block,512,0,00132E4A,0,1,1,4294967295,0,0
Block,544,0,001974A6,0,1,1,4294967295,0,0
Block,576,0,002CFE99,0,1,1,4294967295,0,0
Block,608,0,00134576,0,1,1,4294967295,0,0
Block,640,0,00303B8E,0,1,1,4294967295,0,0
Block,672,0,0019821E,0,1,1,4294967295,0,0
Block,704,0,00182E49,0,1,1,4294967295,0,0
Block,736,0,001CB880,0,1,1,4294967295,0,0
Block,768,0,00290553,0,1,1,4294967295,0,0
Block,768,64,001C5927,0,1,1,4294967295,0,0
Block,576,448,000AE9E9,0,1,1,4294967295,0,0
Block,576,352,00166984,0,1,1,4294967295,0,0
Block,576,256,000ACF10,0,1,1,4294967295,0,0
Block,576,224,00070C3F,0,1,1,4294967295,0,0
Block,672,448,0036BCB7,0,1,1,4294967295,0,0
Block,704,448,00183C55,0,1,1,4294967295,0,0
Block,704,352,0031A824,0,1,1,4294967295,0,0
Block,672,352,0027899C,0,1,1,4294967295,0,0
Block,640,352,00285C5D,0,1,1,4294967295,0,0
Block,448,256,0030881A,0,1,1,4294967295,0,0
Block,192,64,001C0328,0,1,1,4294967295,0,0
Block,160,64,00219619,0,1,1,4294967295,0,0
Block,128,64,00075B52,0,1,1,4294967295,0,0
Block,128,96,004029A0,0,1,1,4294967295,0,0
Block,608,160,002BB5D9,0,1,1,4294967295,0,0
Block,576,128,0033DCF0,0,1,1,4294967295,0,0
Block,480,128,0009B957,0,1,1,4294967295,0,0
Block,448,160,00202D89,0,1,1,4294967295,0,0
Block,224,64,002E838A,0,1,1,4294967295,0,0
Block,32,480,001086CA,0,1,1,4294967295,0,0
Block,32,288,0006704E,0,1,1,4294967295,0,0
Block,288,384,002B9EE3,0,1,1,4294967295,0,0
Block,224,288,00266370,0,1,1,4294967295,0,0
Block,512,544,0022B48D,0,1,1,4294967295,0,0
Block,320,64,0009B08B,0,1,1,4294967295,0,0
Block,576,416,003C43BD,0,1,1,4294967295,0,0
Block,704,64,0035258F,0,1,1,4294967295,0,0
Block,768,32,001E270E,0,1,1,4294967295,0,0
Block,736,352,003F80FB,0,1,1,4294967295,0,0
Block,736,192,003155C1,0,1,1,4294967295,0,0
Block,640,448,003820CB,0,1,1,4294967295,0,0
Block,256,64,000A3C73,0,1,1,4294967295,0,0
Block,288,64,000FD37D,0,1,1,4294967295,0,0
Block,512,32,002DCB7F,0,1,1,4294967295,0,0
Block,544,32,000413EF,0,1,1,4294967295,0,0
Block,256,128,002E4005,0,1,1,4294967295,0,0
Block,288,128,0022D6E6,0,1,1,4294967295,0,0
Block,608,448,00126019,0,1,1,4294967295,0,0
Block,768,160,00337E76,0,1,1,4294967295,0,0
Block,256,416,002E09AB,0,1,1,4294967295,0,0
Block,320,416,00023E00,0,1,1,4294967295,0,0
WarpToHub,192,288,00359ECB,0,1,1,4294967295,0,0
RenSpikeUp,384,512,002428D8,0,1,1,4294967295,0,0
RenSpikeUp,416,384,00283D5D,0,1,1,4294967295,0,0
RenSpikeUp,288,544,000729F9,0,1,1,4294967295,0,0
RenSpikeUp,32,256,003BA84D,0,1,1,4294967295,0,0
RenSpikeUp,256,544,003D4E91,0,1,1,4294967295,0,0
RenSpikeUp,32,448,00015D5F,0,1,1,4294967295,0,0
RenSpikeUp,128,352,001C3126,0,1,1,4294967295,0,0
RenSpikeUp,128,544,001514F1,0,1,1,4294967295,0,0
RenSpikeUp,96,544,00384DBF,0,1,1,4294967295,0,0
RenSpikeUp,160,544,00399D6A,0,1,1,4294967295,0,0
RenSpikeUp,512,512,002D6DB9,0,1,1,4294967295,0,0
RenSpikeUp,576,320,002C4D22,0,1,1,4294967295,0,0
RenSpikeUp,704,32,002CDD76,0,1,1,4294967295,0,0
RenSpikeUp,288,352,00151718,0,1,1,4294967295,0,0
RenSpikeUp,640,544,003B02E7,0,1,1,4294967295,0,0
RenSpikeUp,128,448,000CE659,0,1,1,4294967295,0,0
RenSpikeUp,160,160,001DD28A,0,1,1,4294967295,0,0
RenSpikeUp,256,256,0006F3FD,0,1,1,4294967295,0,0
RenSpikeUp,320,256,000922BA,0,1,1,4294967295,0,0
WarpToHubPoint,224,448,001F1762,0,1,1,4294967295,0,0
WarpToHubPoint,672,416,001C56BC,0,1,1,4294967295,0,0
WarpToHubPoint,608,128,003A2238,0,1,1,4294967295,0,0
RenSpikeRight,352,288,002C559E,0,1,1,4294967295,0,0
RenWin,48,560,00076169,0,1,1,4294967295,0,0
RenSpikeDown,320,480,002EA810,0,1,1,4294967295,0,0
RenSpikeDown,416,448,002DDAE4,0,1,1,4294967295,0,0
RenSpikeDown,192,352,00059729,0,1,1,4294967295,0,0
RenSpikeDown,704,480,000C67A1,0,1,1,4294967295,0,0
RenSpikeDown,672,480,00019833,0,1,1,4294967295,0,0
RenSpikeDown,704,384,00149157,0,1,1,4294967295,0,0
RenSpikeDown,640,384,0004B6CA,0,1,1,4294967295,0,0
RenSpikeDown,448,288,0022B988,0,1,1,4294967295,0,0
RenSpikeRight,160,96,002AF3FB,0,1,1,4294967295,0,0
RenSpikeDown,480,160,001055C5,0,1,1,4294967295,0,0
RenSpikeLeft,544,128,002B39AF,0,1,1,4294967295,0,0
RenSpikeRight,512,128,001CC70A,0,1,1,4294967295,0,0
RenSpikeRight,64,480,0022A0E7,0,1,1,4294967295,0,0
RenSpikeRight,64,288,003C3035,0,1,1,4294967295,0,0
RenSpikeLeft,96,384,0018B63B,0,1,1,4294967295,0,0
RenSpikeLeft,544,256,00361BA5,0,1,1,4294967295,0,0
RenSpikeRight,480,256,0017337C,0,1,1,4294967295,0,0
RenSpikeDown,288,480,00067661,0,1,1,4294967295,0,0
RenSave,192,288,001AA6F8,0,1,1,4294967295,0,0
RenSave,608,128,00238E94,0,1,1,4294967295,0,0
RenSave,224,448,00133D21,0,1,1,4294967295,0,0
RenSave,672,416,00214113,0,1,1,4294967295,0,0
RenSpikeDown,32,320,00299EE1,0,1,1,4294967295,0,0
RenSpikeDown,32,512,003AAB2E,0,1,1,4294967295,0,0
RenSpikeRight,160,384,0034B949,0,1,1,4294967295,0,0
RenSpikeRight,544,544,000BB1F1,0,1,1,4294967295,0,0
RenSpikeDown,576,480,00203F20,0,1,1,4294967295,0,0
RenSpikeRight,608,256,0010A374,0,1,1,4294967295,0,0
RenSpikeLeft,96,192,0012BF76,0,1,1,4294967295,0,0
RenSpikeLeft,96,96,001BC888,0,1,1,4294967295,0,0
RenSpikeLeft,224,384,0007EEB0,0,1,1,4294967295,0,0
RenSpikeRight,352,128,001A0794,0,1,1,4294967295,0,0
RenSpikeDown,128,512,00313AC1,0,1,1,4294967295,0,0
RenSpikeRight,352,384,003194C6,0,1,1,4294967295,0,0
RenSpikeRight,416,544,0006EB9B,0,1,1,4294967295,0,0
RenSpikeLeft,352,544,00134797,0,1,1,4294967295,0,0
RenSpikeDown,576,160,002371F1,0,1,1,4294967295,0,0
RenSpikeDown,576,288,00117094,0,1,1,4294967295,0,0
RenSpikeDown,576,384,00287BC7,0,1,1,4294967295,0,0
RenSpikeLeft,544,352,002ECD75,0,1,1,4294967295,0,0
RenSpikeDown,512,480,0001B292,0,1,1,4294967295,0,0
RenSpikeLeft,672,64,0007C6C5,0,1,1,4294967295,0,0
RenSpikeRight,608,224,0006C01C,0,1,1,4294967295,0,0
RenSpikeRight,640,160,0024D134,0,1,1,4294967295,0,0
RenSpikeDown,672,304,000BF86C,0,1,1,4294967295,0,0
RenSpikeDown,704,304,0017FC75,0,1,1,4294967295,0,0
RenSpikeDown,736,304,000E4AED,0,1,1,4294967295,0,0
RenSpikeLeft,704,192,0017378B,0,1,1,4294967295,0,0
RenSpikeDown,736,224,00050937,0,1,1,4294967295,0,0
RenSpikeRight,256,160,001DFB11,0,1,1,4294967295,0,0
MusicPlayer,32,32,00012FFC,0,1,1,4294967295,0,0
RenSpikeRight,736,64,000EC854,0,1,1,4294967295,0,0
RenSpikeDown,704,96,002A7D63,0,1,1,4294967295,0,0
RenSpikeRight,576,32,003C2FFE,0,1,1,4294967295,0,0
RenSpikeLeft,480,32,001AF2C1,0,1,1,4294967295,0,0
RenSpikeDown,608,480,000EB4DC,0,1,1,4294967295,0,0
RenSpikeDown,128,416,00174C3C,0,1,1,4294967295,0,0
RenSpikeDown,64,32,000E2BDD,0,1,1,4294967295,0,0
RenSpikeLeft,336,240,0026AE38,0,1,1,4294967295,0,0
RenSpikeDown,320,224,003FE86F,0,1,1,4294967295,0,0
RenSpikeRight,304,240,003F785A,0,1,1,4294967295,0,0
RenSpikeLeft,272,240,0015513D,0,1,1,4294967295,0,0
RenApple,288,416,0032F22E,0,1,1,4294967295,0,0
PlayerStart,160,288,00370003,0,1,1,4294967295,0,0
MirrorBlocks,32,64,001BB9C8,0,1,1,4294967295,0,0
