backgroundFit,32,32,0021DB92,0,1,1,4294967295,0,0
RenTiler,64,32,000CC383,0,1,1,4294967295,0,0
Block,0,0,002DD1A5,0,1,1,4294967295,0,0
Block,0,32,0023FEA6,0,1,1,4294967295,0,0
Block,0,64,003B352B,0,1,1,4294967295,0,0
Block,0,96,000707DB,0,1,1,4294967295,0,0
Block,0,128,001BFE58,0,1,1,4294967295,0,0
Block,0,160,0000D6DA,0,1,1,4294967295,0,0
Block,0,192,002D726D,0,1,1,4294967295,0,0
Block,0,224,00001AB8,0,1,1,4294967295,0,0
Block,0,256,00380750,0,1,1,4294967295,0,0
Block,0,288,002A3E42,0,1,1,4294967295,0,0
Block,0,320,0020F425,0,1,1,4294967295,0,0
Block,0,352,000B4001,0,1,1,4294967295,0,0
Block,0,384,0019FAE0,0,1,1,4294967295,0,0
Block,0,416,0036CEF9,0,1,1,4294967295,0,0
Block,0,448,000FFF63,0,1,1,4294967295,0,0
Block,0,480,001D8850,0,1,1,4294967295,0,0
Block,0,512,00282206,0,1,1,4294967295,0,0
Block,0,544,00043D82,0,1,1,4294967295,0,0
Block,0,576,00042686,0,1,1,4294967295,0,0
Block,32,576,001E00A2,0,1,1,4294967295,0,0
Block,64,576,0001C36E,0,1,1,4294967295,0,0
Block,96,576,0016C4DB,0,1,1,4294967295,0,0
Block,128,576,0033005D,0,1,1,4294967295,0,0
Block,160,576,000C39FA,0,1,1,4294967295,0,0
Block,192,576,0026B1A2,0,1,1,4294967295,0,0
Block,224,576,000F5560,0,1,1,4294967295,0,0
Block,256,576,001F08F6,0,1,1,4294967295,0,0
Block,288,576,0014C28B,0,1,1,4294967295,0,0
Block,320,576,0015C4B9,0,1,1,4294967295,0,0
Block,352,576,0033E206,0,1,1,4294967295,0,0
Block,384,576,002B3332,0,1,1,4294967295,0,0
Block,416,576,0032ED77,0,1,1,4294967295,0,0
Block,448,576,0026BDB8,0,1,1,4294967295,0,0
Block,480,576,00059499,0,1,1,4294967295,0,0
Block,512,576,000275BD,0,1,1,4294967295,0,0
Block,544,576,0036E42E,0,1,1,4294967295,0,0
Block,576,576,00360A03,0,1,1,4294967295,0,0
Block,608,576,003EE789,0,1,1,4294967295,0,0
Block,640,576,0037762C,0,1,1,4294967295,0,0
Block,672,576,00171DED,0,1,1,4294967295,0,0
Block,704,576,002EDF57,0,1,1,4294967295,0,0
Block,736,576,002B572F,0,1,1,4294967295,0,0
Block,768,576,00104224,0,1,1,4294967295,0,0
Block,768,544,002A9A59,0,1,1,4294967295,0,0
Block,768,512,00194AD5,0,1,1,4294967295,0,0
Block,768,480,00020A16,0,1,1,4294967295,0,0
Block,768,448,000A66A1,0,1,1,4294967295,0,0
Block,768,416,00130B32,0,1,1,4294967295,0,0
Block,768,384,0006C5FA,0,1,1,4294967295,0,0
Block,768,352,0019AF79,0,1,1,4294967295,0,0
Block,768,320,00354926,0,1,1,4294967295,0,0
Block,768,288,0011CF2D,0,1,1,4294967295,0,0
Block,768,256,002E4806,0,1,1,4294967295,0,0
Block,768,224,003EB575,0,1,1,4294967295,0,0
Block,768,192,0015FF5E,0,1,1,4294967295,0,0
Block,768,160,001E29E0,0,1,1,4294967295,0,0
Block,768,128,0010F557,0,1,1,4294967295,0,0
Block,768,96,001065F4,0,1,1,4294967295,0,0
Block,768,64,003C5EC2,0,1,1,4294967295,0,0
Block,768,32,001EDF70,0,1,1,4294967295,0,0
Block,768,0,0033C6BD,0,1,1,4294967295,0,0
Block,736,0,00387575,0,1,1,4294967295,0,0
Block,704,0,00383F96,0,1,1,4294967295,0,0
Block,672,0,0036D4DD,0,1,1,4294967295,0,0
Block,640,0,00090FCD,0,1,1,4294967295,0,0
Block,608,0,00123B3D,0,1,1,4294967295,0,0
Block,576,0,001FAE81,0,1,1,4294967295,0,0
Block,544,0,0037DF6C,0,1,1,4294967295,0,0
Block,512,0,00065EF6,0,1,1,4294967295,0,0
Block,480,0,00229A3E,0,1,1,4294967295,0,0
Block,448,0,000780F3,0,1,1,4294967295,0,0
Block,416,0,0011D3E4,0,1,1,4294967295,0,0
Block,384,0,003D4AAE,0,1,1,4294967295,0,0
Block,352,0,0017E8F9,0,1,1,4294967295,0,0
Block,320,0,0000BD77,0,1,1,4294967295,0,0
Block,288,0,0005E75A,0,1,1,4294967295,0,0
Block,256,0,0002AADE,0,1,1,4294967295,0,0
Block,224,0,0016375B,0,1,1,4294967295,0,0
Block,192,0,000F0DEC,0,1,1,4294967295,0,0
Block,160,0,0029C4A6,0,1,1,4294967295,0,0
Block,128,0,001E7E06,0,1,1,4294967295,0,0
Block,96,0,0008FC27,0,1,1,4294967295,0,0
Block,64,0,003590B1,0,1,1,4294967295,0,0
Block,32,0,0028E8CD,0,1,1,4294967295,0,0
Block,448,544,000AED3A,0,1,1,4294967295,0,0
Block,448,512,002857A0,0,1,1,4294967295,0,0
Block,448,480,0004DA02,0,1,1,4294967295,0,0
Block,448,448,00379D1F,0,1,1,4294967295,0,0
Block,448,416,002806C2,0,1,1,4294967295,0,0
Block,512,416,000F3C41,0,1,1,4294967295,0,0
Block,576,416,0037A941,0,1,1,4294967295,0,0
Block,640,416,00337A2B,0,1,1,4294967295,0,0
Block,704,320,0019916A,0,1,1,4294967295,0,0
Block,448,224,00379996,0,1,1,4294967295,0,0
Block,512,224,002EECA1,0,1,1,4294967295,0,0
Block,480,224,001AF6FC,0,1,1,4294967295,0,0
Block,544,224,002B35C0,0,1,1,4294967295,0,0
Block,576,224,002CB8CB,0,1,1,4294967295,0,0
Block,320,544,00265708,0,1,1,4294967295,0,0
Block,320,512,000BD110,0,1,1,4294967295,0,0
Block,320,480,00288B50,0,1,1,4294967295,0,0
Block,320,448,0007C29D,0,1,1,4294967295,0,0
Block,320,416,0022F8D7,0,1,1,4294967295,0,0
Block,608,224,0007A07F,0,1,1,4294967295,0,0
Block,640,224,003EFCB9,0,1,1,4294967295,0,0
Block,384,448,003493D4,0,1,1,4294967295,0,0
Block,704,512,000221F0,0,1,1,4294967295,0,0
Block,384,128,000022A4,0,1,1,4294967295,0,0
Block,320,192,0002C08C,0,1,1,4294967295,0,0
Block,32,448,0030097D,0,1,1,4294967295,0,0
Block,128,320,001A11FC,0,1,1,4294967295,0,0
Block,64,256,00195249,0,1,1,4294967295,0,0
Block,128,192,00059900,0,1,1,4294967295,0,0
Block,448,256,00234A93,0,1,1,4294967295,0,0
Block,640,256,000EC48A,0,1,1,4294967295,0,0
Block,64,128,0009C86E,0,1,1,4294967295,0,0
Block,224,320,0028ADFC,0,1,1,4294967295,0,0
Block,224,192,00263A05,0,1,1,4294967295,0,0
WarpToHub,384,544,0027A1B3,0,1,1,4294967295,0,0
RenFrog2,320,384,00290E10,0,1,1,4294967295,0,0
RenFrog2,64,544,001E2FA2,0,1,1,4294967295,0,0
RenFrog2,96,544,0007AC6E,0,1,1,4294967295,0,0
RenFrog2,128,544,0024230B,0,1,1,4294967295,0,0
RenSpikeUp,224,288,0016EAAD,0,1,1,4294967295,0,0
RenSpikeUp,224,160,00302B16,0,1,1,4294967295,0,0
RenWin,400,112,0013D426,0,1,1,4294967295,0,0
RenApple,640,192,00029490,0,1,1,4294967295,0,0
RenApple,576,192,00268B85,0,1,1,4294967295,0,0
RenApple,512,192,003F5AD7,0,1,1,4294967295,0,0
RenApple,448,192,0028C66B,0,1,1,4294967295,0,0
RenApple,704,416,000E9106,0,1,1,4294967295,0,0
RenApple,32,544,003C038F,0,1,1,4294967295,0,0
RenApple,288,544,0018959A,0,1,1,4294967295,0,0
RenClown,608,544,002A839D,0,1,1,4294967295,0,0
RenClown,544,544,002D6A71,0,1,1,4294967295,0,0
RenClown,480,544,0027BE2C,0,1,1,4294967295,0,0
RenClown,480,160,001CBC7D,0,1,1,4294967295,0,0
RenFrog,448,384,000FC4E8,0,1,1,4294967295,0,0
RenFrog,256,544,0033E005,0,1,1,4294967295,0,0
RenFrog,192,544,00037E15,0,1,1,4294967295,0,0
RenFrog,224,544,0002EFFA,0,1,1,4294967295,0,0
RenBall,512,384,0011A567,0,1,1,4294967295,0,0
RenBall,576,288,002CE3D3,0,1,1,4294967295,0,0
RenBall,640,384,003C5962,0,1,1,4294967295,0,0
RenSpikeRight,416,128,00023C51,0,1,1,4294967295,0,0
RenSpikeDown,384,160,0037B8C2,0,1,1,4294967295,0,0
RenSpikeLeft,352,128,00197E20,0,1,1,4294967295,0,0
RenSpikeRight,96,256,00128210,0,1,1,4294967295,0,0
RenSpikeLeft,96,320,000985E0,0,1,1,4294967295,0,0
RenSpikeLeft,32,256,0000E0FB,0,1,1,4294967295,0,0
RenSpikeRight,160,320,00058CC0,0,1,1,4294967295,0,0
RenSpikeRight,96,128,00292131,0,1,1,4294967295,0,0
RenSpikeRight,160,192,0030BFAE,0,1,1,4294967295,0,0
RenSpikeRight,64,448,0032C54B,0,1,1,4294967295,0,0
RenSpikeLeft,32,128,00086008,0,1,1,4294967295,0,0
RenSpikeLeft,96,192,001EAD24,0,1,1,4294967295,0,0
RenSpikeLeft,288,192,0014185B,0,1,1,4294967295,0,0
RenSpikeDown,320,224,00202D5A,0,1,1,4294967295,0,0
RenBall,128,160,0024477F,0,1,1,4294967295,0,0
RenBall,544,96,002ABCE8,0,1,1,4294967295,0,0
RenSave,384,544,0028DE13,0,1,1,4294967295,0,0
RenSpikeRight,352,512,0029C588,0,1,1,4294967295,0,0
RenSpikeLeft,416,512,0029BF01,0,1,1,4294967295,0,0
RenSpikeDown,224,352,00313227,0,1,1,4294967295,0,0
RenTrapStar,384,32,003DA2E2,0,1,1,4294967295,0,0
MusicPlayer,128,32,0003FE4F,0,1,1,4294967295,0,0
RenSpikeRight,256,192,0000E6C8,0,1,1,4294967295,0,0
RenSpikeLeft,192,192,0002B7AC,0,1,1,4294967295,0,0
RenSpikeDown,224,224,0027129F,0,1,1,4294967295,0,0
RenBall,320,160,000AC360,0,1,1,4294967295,0,0
RenFrog,608,192,003E753D,0,1,1,4294967295,0,0
PlayerStart,384,544,00317858,0,1,1,4294967295,0,0
RenSkull,64,192,002C1DBA,0,1,1,4294967295,0,0
MirrorBlocks,96,32,00222107,0,1,1,4294967295,0,0
