bgGameMakerBlock,0,576,0,0,32,32,0,1,1,4294967295
bgGameMakerBlock,0,544,0,0,32,32,0,1,1,4294967295
bgGameMakerBlock,0,512,0,0,32,32,0,1,1,4294967295
bgGameMakerBlock,0,480,0,0,32,32,0,1,1,4294967295
bgGameMakerBlock,0,448,0,0,32,32,0,1,1,4294967295
bgGameMakerBlock,0,416,0,0,32,32,0,1,1,4294967295
bgGameMakerBlock,0,384,0,0,32,32,0,1,1,4294967295
bgGameMakerBlock,0,352,0,0,32,32,0,1,1,4294967295
bgGameMakerBlock,0,320,0,0,32,32,0,1,1,4294967295
bgGameMakerBlock,0,288,0,0,32,32,0,1,1,4294967295
bgGameMakerBlock,0,256,0,0,32,32,0,1,1,4294967295
bgGameMakerBlock,0,224,0,0,32,32,0,1,1,4294967295
bgGameMakerBlock,0,192,0,0,32,32,0,1,1,4294967295
bgGameMakerBlock,0,160,0,0,32,32,0,1,1,4294967295
bgGameMakerBlock,0,128,0,0,32,32,0,1,1,4294967295
bgGameMakerBlock,0,96,0,0,32,32,0,1,1,4294967295
bgGameMakerBlock,0,64,0,0,32,32,0,1,1,4294967295
bgGameMakerBlock,0,32,0,0,32,32,0,1,1,4294967295
bgGameMakerBlock,0,0,0,0,32,32,0,1,1,4294967295
bgGameMakerBlock,32,0,0,0,32,32,0,1,1,4294967295
bgGameMakerBlock,64,0,0,0,32,32,0,1,1,4294967295
bgGameMakerBlock,96,0,0,0,32,32,0,1,1,4294967295
bgGameMakerBlock,128,0,0,0,32,32,0,1,1,4294967295
bgGameMakerBlock,160,0,0,0,32,32,0,1,1,4294967295
bgGameMakerBlock,192,0,0,0,32,32,0,1,1,4294967295
bgGameMakerBlock,224,0,0,0,32,32,0,1,1,4294967295
bgGameMakerBlock,256,0,0,0,32,32,0,1,1,4294967295
bgGameMakerBlock,288,0,0,0,32,32,0,1,1,4294967295
bgGameMakerBlock,320,0,0,0,32,32,0,1,1,4294967295
bgGameMakerBlock,352,0,0,0,32,32,0,1,1,4294967295
bgGameMakerBlock,384,0,0,0,32,32,0,1,1,4294967295
bgGameMakerBlock,416,0,0,0,32,32,0,1,1,4294967295
bgGameMakerBlock,448,0,0,0,32,32,0,1,1,4294967295
bgGameMakerBlock,480,0,0,0,32,32,0,1,1,4294967295
bgGameMakerBlock,512,0,0,0,32,32,0,1,1,4294967295
bgGameMakerBlock,544,0,0,0,32,32,0,1,1,4294967295
bgGameMakerBlock,576,0,0,0,32,32,0,1,1,4294967295
bgGameMakerBlock,608,0,0,0,32,32,0,1,1,4294967295
bgGameMakerBlock,640,0,0,0,32,32,0,1,1,4294967295
bgGameMakerBlock,672,0,0,0,32,32,0,1,1,4294967295
bgGameMakerBlock,704,0,0,0,32,32,0,1,1,4294967295
bgGameMakerBlock,736,0,0,0,32,32,0,1,1,4294967295
bgGameMakerBlock,768,0,0,0,32,32,0,1,1,4294967295
bgGameMakerBlock,768,32,0,0,32,32,0,1,1,4294967295
bgGameMakerBlock,768,64,0,0,32,32,0,1,1,4294967295
bgGameMakerBlock,768,96,0,0,32,32,0,1,1,4294967295
bgGameMakerBlock,768,128,0,0,32,32,0,1,1,4294967295
bgGameMakerBlock,768,160,0,0,32,32,0,1,1,4294967295
bgGameMakerBlock,768,192,0,0,32,32,0,1,1,4294967295
bgGameMakerBlock,768,224,0,0,32,32,0,1,1,4294967295
bgGameMakerBlock,768,256,0,0,32,32,0,1,1,4294967295
bgGameMakerBlock,768,288,0,0,32,32,0,1,1,4294967295
bgGameMakerBlock,768,320,0,0,32,32,0,1,1,4294967295
bgGameMakerBlock,768,352,0,0,32,32,0,1,1,4294967295
bgGameMakerBlock,768,384,0,0,32,32,0,1,1,4294967295
bgGameMakerBlock,768,416,0,0,32,32,0,1,1,4294967295
bgGameMakerBlock,768,448,0,0,32,32,0,1,1,4294967295
bgGameMakerBlock,768,480,0,0,32,32,0,1,1,4294967295
bgGameMakerBlock,768,512,0,0,32,32,0,1,1,4294967295
bgGameMakerBlock,768,544,0,0,32,32,0,1,1,4294967295
bgGameMakerBlock,768,576,0,0,32,32,0,1,1,4294967295
bgGameMakerBlock,736,576,0,0,32,32,0,1,1,4294967295
bgGameMakerBlock,704,576,0,0,32,32,0,1,1,4294967295
bgGameMakerBlock,672,576,0,0,32,32,0,1,1,4294967295
bgGameMakerBlock,640,576,0,0,32,32,0,1,1,4294967295
bgGameMakerBlock,608,576,0,0,32,32,0,1,1,4294967295
bgGameMakerBlock,576,576,0,0,32,32,0,1,1,4294967295
bgGameMakerBlock,544,576,0,0,32,32,0,1,1,4294967295
bgGameMakerBlock,512,576,0,0,32,32,0,1,1,4294967295
bgGameMakerBlock,480,576,0,0,32,32,0,1,1,4294967295
bgGameMakerBlock,448,576,0,0,32,32,0,1,1,4294967295
bgGameMakerBlock,416,576,0,0,32,32,0,1,1,4294967295
bgGameMakerBlock,384,576,0,0,32,32,0,1,1,4294967295
bgGameMakerBlock,352,576,0,0,32,32,0,1,1,4294967295
bgGameMakerBlock,320,576,0,0,32,32,0,1,1,4294967295
bgGameMakerBlock,288,576,0,0,32,32,0,1,1,4294967295
bgGameMakerBlock,256,576,0,0,32,32,0,1,1,4294967295
bgGameMakerBlock,224,576,0,0,32,32,0,1,1,4294967295
bgGameMakerBlock,192,576,0,0,32,32,0,1,1,4294967295
bgGameMakerBlock,160,576,0,0,32,32,0,1,1,4294967295
bgGameMakerBlock,128,576,0,0,32,32,0,1,1,4294967295
bgGameMakerBlock,96,576,0,0,32,32,0,1,1,4294967295
bgGameMakerBlock,64,576,0,0,32,32,0,1,1,4294967295
bgGameMakerBlock,32,576,0,0,32,32,0,1,1,4294967295
tileRen,64,128,0,0,32,32,0,1,1,4294967295
tileRen,96,128,0,0,32,32,0,1,1,4294967295
tileRen,128,128,0,0,32,32,0,1,1,4294967295
tileRen,160,128,0,0,32,32,0,1,1,4294967295
tileRen,192,128,0,0,32,32,0,1,1,4294967295
tileRen,224,128,0,0,32,32,0,1,1,4294967295
tileRen,224,160,0,0,32,32,0,1,1,4294967295
tileRen,224,192,0,0,32,32,0,1,1,4294967295
tileRen,224,224,0,0,32,32,0,1,1,4294967295
tileRen,224,256,0,0,32,32,0,1,1,4294967295
tileRen,224,288,0,0,32,32,0,1,1,4294967295
tileRen,224,320,0,0,32,32,0,1,1,4294967295
tileRen,224,352,0,0,32,32,0,1,1,4294967295
tileRen,224,384,0,0,32,32,0,1,1,4294967295
tileRen,224,416,0,0,32,32,0,1,1,4294967295
tileRen,64,160,0,0,32,32,0,1,1,4294967295
tileRen,64,192,0,0,32,32,0,1,1,4294967295
tileRen,64,224,0,0,32,32,0,1,1,4294967295
tileRen,64,256,0,0,32,32,0,1,1,4294967295
tileRen,64,288,0,0,32,32,0,1,1,4294967295
tileRen,64,320,0,0,32,32,0,1,1,4294967295
tileRen,64,352,0,0,32,32,0,1,1,4294967295
tileRen,64,384,0,0,32,32,0,1,1,4294967295
tileRen,64,416,0,0,32,32,0,1,1,4294967295
tileRen,96,416,0,0,32,32,0,1,1,4294967295
tileRen,128,416,0,0,32,32,0,1,1,4294967295
tileRen,160,416,0,0,32,32,0,1,1,4294967295
tileRen,192,416,0,0,32,32,0,1,1,4294967295
tileRen,304,128,0,0,32,32,0,1,1,4294967295
tileRen,304,160,0,0,32,32,0,1,1,4294967295
tileRen,304,192,0,0,32,32,0,1,1,4294967295
tileRen,304,224,0,0,32,32,0,1,1,4294967295
tileRen,304,256,0,0,32,32,0,1,1,4294967295
tileRen,304,288,0,0,32,32,0,1,1,4294967295
tileRen,304,320,0,0,32,32,0,1,1,4294967295
tileRen,304,352,0,0,32,32,0,1,1,4294967295
tileRen,304,384,0,0,32,32,0,1,1,4294967295
tileRen,304,416,0,0,32,32,0,1,1,4294967295
tileRen,336,416,0,0,32,32,0,1,1,4294967295
tileRen,368,416,0,0,32,32,0,1,1,4294967295
tileRen,400,416,0,0,32,32,0,1,1,4294967295
tileRen,432,416,0,0,32,32,0,1,1,4294967295
tileRen,464,416,0,0,32,32,0,1,1,4294967295
tileRen,336,128,0,0,32,32,0,1,1,4294967295
tileRen,368,128,0,0,32,32,0,1,1,4294967295
tileRen,400,128,0,0,32,32,0,1,1,4294967295
tileRen,432,128,0,0,32,32,0,1,1,4294967295
tileRen,464,128,0,0,32,32,0,1,1,4294967295
tileRen,464,160,0,0,32,32,0,1,1,4294967295
tileRen,464,192,0,0,32,32,0,1,1,4294967295
tileRen,464,224,0,0,32,32,0,1,1,4294967295
tileRen,464,256,0,0,32,32,0,1,1,4294967295
tileRen,464,288,0,0,32,32,0,1,1,4294967295
tileRen,464,320,0,0,32,32,0,1,1,4294967295
tileRen,464,352,0,0,32,32,0,1,1,4294967295
tileRen,464,384,0,0,32,32,0,1,1,4294967295
tileRen,544,128,0,0,32,32,0,1,1,4294967295
tileRen,544,160,0,0,32,32,0,1,1,4294967295
tileRen,544,192,0,0,32,32,0,1,1,4294967295
tileRen,544,224,0,0,32,32,0,1,1,4294967295
tileRen,544,256,0,0,32,32,0,1,1,4294967295
tileRen,544,288,0,0,32,32,0,1,1,4294967295
tileRen,544,320,0,0,32,32,0,1,1,4294967295
tileRen,544,352,0,0,32,32,0,1,1,4294967295
tileRen,544,384,0,0,32,32,0,1,1,4294967295
tileRen,544,416,0,0,32,32,0,1,1,4294967295
tileRen,576,416,0,0,32,32,0,1,1,4294967295
tileRen,608,416,0,0,32,32,0,1,1,4294967295
tileRen,640,416,0,0,32,32,0,1,1,4294967295
tileRen,672,416,0,0,32,32,0,1,1,4294967295
tileRen,704,416,0,0,32,32,0,1,1,4294967295
tileRen,576,128,0,0,32,32,0,1,1,4294967295
tileRen,608,128,0,0,32,32,0,1,1,4294967295
tileRen,640,128,0,0,32,32,0,1,1,4294967295
tileRen,672,128,0,0,32,32,0,1,1,4294967295
tileRen,704,128,0,0,32,32,0,1,1,4294967295
tileRen,704,160,0,0,32,32,0,1,1,4294967295
tileRen,704,192,0,0,32,32,0,1,1,4294967295
tileRen,704,224,0,0,32,32,0,1,1,4294967295
tileRen,704,256,0,0,32,32,0,1,1,4294967295
tileRen,704,288,0,0,32,32,0,1,1,4294967295
tileRen,704,320,0,0,32,32,0,1,1,4294967295
tileRen,704,352,0,0,32,32,0,1,1,4294967295
tileRen,704,384,0,0,32,32,0,1,1,4294967295
