backgroundFit,32,32,0011B3B0,0,1,1,4294967295,0,0
RenTiler,64,32,002EFAE6,0,1,1,4294967295,0,0
Block,0,0,00278B22,0,1,1,4294967295,0,0
Block,0,32,0037E660,0,1,1,4294967295,0,0
Block,0,64,00104C3A,0,1,1,4294967295,0,0
Block,0,96,001BA1E7,0,1,1,4294967295,0,0
Block,0,128,002B9C46,0,1,1,4294967295,0,0
Block,0,160,0022556B,0,1,1,4294967295,0,0
Block,0,192,003878B7,0,1,1,4294967295,0,0
Block,0,224,002C21FB,0,1,1,4294967295,0,0
Block,0,256,00388E6B,0,1,1,4294967295,0,0
Block,0,288,0026ECB1,0,1,1,4294967295,0,0
Block,0,320,000D59B7,0,1,1,4294967295,0,0
Block,0,352,003322D8,0,1,1,4294967295,0,0
Block,0,384,003F8C89,0,1,1,4294967295,0,0
Block,0,416,0013486C,0,1,1,4294967295,0,0
Block,0,448,00294798,0,1,1,4294967295,0,0
Block,0,480,001819B1,0,1,1,4294967295,0,0
Block,0,512,0012478F,0,1,1,4294967295,0,0
Block,0,544,00080462,0,1,1,4294967295,0,0
Block,0,576,00234C99,0,1,1,4294967295,0,0
Block,32,576,0026A0A4,0,1,1,4294967295,0,0
Block,64,576,00377A33,0,1,1,4294967295,0,0
Block,96,576,0035D69F,0,1,1,4294967295,0,0
Block,128,576,0037C498,0,1,1,4294967295,0,0
Block,160,576,001AD690,0,1,1,4294967295,0,0
Block,192,576,0016C64F,0,1,1,4294967295,0,0
Block,224,576,0038CB61,0,1,1,4294967295,0,0
Block,256,576,00163C06,0,1,1,4294967295,0,0
Block,288,576,003C6A9B,0,1,1,4294967295,0,0
Block,320,576,002B6451,0,1,1,4294967295,0,0
Block,352,576,0030462F,0,1,1,4294967295,0,0
Block,384,576,00335825,0,1,1,4294967295,0,0
Block,416,576,000C962D,0,1,1,4294967295,0,0
Block,448,576,002D5FE6,0,1,1,4294967295,0,0
Block,480,576,002FE86B,0,1,1,4294967295,0,0
Block,512,576,00394972,0,1,1,4294967295,0,0
Block,544,576,0024EFD9,0,1,1,4294967295,0,0
Block,576,576,00017503,0,1,1,4294967295,0,0
Block,608,576,00195279,0,1,1,4294967295,0,0
Block,640,576,0036938D,0,1,1,4294967295,0,0
Block,672,576,0025121B,0,1,1,4294967295,0,0
Block,704,576,0035BAD0,0,1,1,4294967295,0,0
Block,736,576,00397A95,0,1,1,4294967295,0,0
Block,768,576,003544F6,0,1,1,4294967295,0,0
Block,768,544,003D5AB0,0,1,1,4294967295,0,0
Block,768,512,00175484,0,1,1,4294967295,0,0
Block,768,480,001DFBE0,0,1,1,4294967295,0,0
Block,768,448,001B5804,0,1,1,4294967295,0,0
Block,768,416,0027AB09,0,1,1,4294967295,0,0
Block,768,384,003292D9,0,1,1,4294967295,0,0
Block,768,352,00362C23,0,1,1,4294967295,0,0
Block,768,320,002008FE,0,1,1,4294967295,0,0
Block,768,288,00021536,0,1,1,4294967295,0,0
Block,768,256,00231E24,0,1,1,4294967295,0,0
Block,768,224,00261B4E,0,1,1,4294967295,0,0
Block,768,192,0037117D,0,1,1,4294967295,0,0
Block,768,160,0001B265,0,1,1,4294967295,0,0
Block,768,128,00330322,0,1,1,4294967295,0,0
Block,768,96,0019FEFC,0,1,1,4294967295,0,0
Block,768,64,003EFC9B,0,1,1,4294967295,0,0
Block,768,32,00145084,0,1,1,4294967295,0,0
Block,768,0,0020E6A7,0,1,1,4294967295,0,0
Block,736,0,00166233,0,1,1,4294967295,0,0
Block,704,0,000AFC49,0,1,1,4294967295,0,0
Block,672,0,000E58AE,0,1,1,4294967295,0,0
Block,640,0,001F4B71,0,1,1,4294967295,0,0
Block,608,0,000429AE,0,1,1,4294967295,0,0
Block,576,0,00243B89,0,1,1,4294967295,0,0
Block,544,0,002F1F15,0,1,1,4294967295,0,0
Block,512,0,0008E9D1,0,1,1,4294967295,0,0
Block,480,0,0037C814,0,1,1,4294967295,0,0
Block,448,0,0031E364,0,1,1,4294967295,0,0
Block,416,0,0007CB0B,0,1,1,4294967295,0,0
Block,384,0,0005D5B0,0,1,1,4294967295,0,0
Block,352,0,00060B49,0,1,1,4294967295,0,0
Block,320,0,002B9EBC,0,1,1,4294967295,0,0
Block,288,0,0019E7BD,0,1,1,4294967295,0,0
Block,256,0,002C359E,0,1,1,4294967295,0,0
Block,224,0,0034A825,0,1,1,4294967295,0,0
Block,192,0,0028363F,0,1,1,4294967295,0,0
Block,160,0,0037B17D,0,1,1,4294967295,0,0
Block,128,0,002E072A,0,1,1,4294967295,0,0
Block,96,0,001B7B91,0,1,1,4294967295,0,0
Block,64,0,0030B833,0,1,1,4294967295,0,0
Block,32,0,00312F3A,0,1,1,4294967295,0,0
Block,448,544,00088CE4,0,1,1,4294967295,0,0
Block,448,512,0001E627,0,1,1,4294967295,0,0
Block,448,480,003BB4DF,0,1,1,4294967295,0,0
Block,448,448,000DD54B,0,1,1,4294967295,0,0
Block,448,416,00038106,0,1,1,4294967295,0,0
Block,512,416,002E6205,0,1,1,4294967295,0,0
Block,576,416,0032DF5E,0,1,1,4294967295,0,0
Block,640,416,00308704,0,1,1,4294967295,0,0
Block,704,320,00105B99,0,1,1,4294967295,0,0
Block,448,224,002333CE,0,1,1,4294967295,0,0
Block,512,224,0020556D,0,1,1,4294967295,0,0
Block,480,224,002F3C29,0,1,1,4294967295,0,0
Block,544,224,00066E30,0,1,1,4294967295,0,0
Block,576,224,0029B962,0,1,1,4294967295,0,0
Block,320,544,000C5344,0,1,1,4294967295,0,0
Block,320,512,001AF7DF,0,1,1,4294967295,0,0
Block,320,480,001AEA53,0,1,1,4294967295,0,0
Block,320,448,0025B661,0,1,1,4294967295,0,0
Block,320,416,00230FF9,0,1,1,4294967295,0,0
Block,608,224,001DB371,0,1,1,4294967295,0,0
Block,640,224,0010235C,0,1,1,4294967295,0,0
Block,384,448,0011709D,0,1,1,4294967295,0,0
Block,704,512,000BBAB5,0,1,1,4294967295,0,0
Block,384,128,000B0E9C,0,1,1,4294967295,0,0
Block,320,192,000EEA50,0,1,1,4294967295,0,0
Block,32,448,0016EEEF,0,1,1,4294967295,0,0
Block,128,320,002FB0A2,0,1,1,4294967295,0,0
Block,64,256,00344EA3,0,1,1,4294967295,0,0
Block,128,192,000A4956,0,1,1,4294967295,0,0
Block,448,256,00156398,0,1,1,4294967295,0,0
Block,640,256,001A6FA6,0,1,1,4294967295,0,0
Block,64,128,000557B1,0,1,1,4294967295,0,0
Block,224,320,003C738B,0,1,1,4294967295,0,0
Block,224,192,0017905D,0,1,1,4294967295,0,0
WarpToHub,384,544,0009177D,0,1,1,4294967295,0,0
RenFrog2,64,544,003AEE15,0,1,1,4294967295,0,0
RenFrog2,96,544,002E831E,0,1,1,4294967295,0,0
RenFrog2,128,544,0028F5B2,0,1,1,4294967295,0,0
RenSpikeUp,224,288,003AD5AA,0,1,1,4294967295,0,0
RenSpikeUp,224,160,0030928E,0,1,1,4294967295,0,0
RenFrog2,320,384,003FE325,0,1,1,4294967295,0,0
RenWin,400,112,00319CDB,0,1,1,4294967295,0,0
RenApple,640,192,0026358F,0,1,1,4294967295,0,0
RenApple,576,192,0032C187,0,1,1,4294967295,0,0
RenApple,512,192,00133B44,0,1,1,4294967295,0,0
RenApple,448,192,002D4A04,0,1,1,4294967295,0,0
RenApple,704,416,003ACB6F,0,1,1,4294967295,0,0
RenApple,32,544,001C2365,0,1,1,4294967295,0,0
RenApple,288,544,000CD56C,0,1,1,4294967295,0,0
RenClown,608,544,0005442F,0,1,1,4294967295,0,0
RenClown,544,544,00381152,0,1,1,4294967295,0,0
RenClown,480,544,0032AEFE,0,1,1,4294967295,0,0
RenClown,480,160,00051011,0,1,1,4294967295,0,0
RenFrog,448,384,00214DBC,0,1,1,4294967295,0,0
RenBall,512,384,001788E4,0,1,1,4294967295,0,0
RenBall,576,288,00007A58,0,1,1,4294967295,0,0
RenBall,640,384,0035881D,0,1,1,4294967295,0,0
RenSpikeRight,416,128,00334A96,0,1,1,4294967295,0,0
RenSpikeDown,384,160,0039331A,0,1,1,4294967295,0,0
RenSpikeLeft,352,128,0019B13D,0,1,1,4294967295,0,0
RenSpikeRight,96,256,00135491,0,1,1,4294967295,0,0
RenSpikeLeft,96,320,0034B72F,0,1,1,4294967295,0,0
RenSpikeLeft,32,256,000DD805,0,1,1,4294967295,0,0
RenSpikeRight,160,320,0024E0FA,0,1,1,4294967295,0,0
RenSpikeRight,96,128,001E7322,0,1,1,4294967295,0,0
RenSpikeRight,160,192,000F0EF4,0,1,1,4294967295,0,0
RenSpikeRight,64,448,0035087B,0,1,1,4294967295,0,0
RenSpikeLeft,32,128,0010A074,0,1,1,4294967295,0,0
RenSpikeLeft,96,192,00330C11,0,1,1,4294967295,0,0
RenSpikeLeft,288,192,000192F3,0,1,1,4294967295,0,0
RenSpikeDown,320,224,002F4488,0,1,1,4294967295,0,0
RenBall,544,96,003C6A7C,0,1,1,4294967295,0,0
RenSave,384,544,002A1F9C,0,1,1,4294967295,0,0
RenSpikeRight,352,512,000F861E,0,1,1,4294967295,0,0
RenSpikeLeft,416,512,002947D6,0,1,1,4294967295,0,0
RenSpikeDown,224,352,00191E76,0,1,1,4294967295,0,0
MusicPlayer,128,32,00226018,0,1,1,4294967295,0,0
RenSpikeRight,256,192,00268EFA,0,1,1,4294967295,0,0
RenSpikeLeft,192,192,000F8119,0,1,1,4294967295,0,0
RenSpikeDown,224,224,00356332,0,1,1,4294967295,0,0
RenBall,128,160,00117AAD,0,1,1,4294967295,0,0
PlayerStart,384,544,003FD85E,0,1,1,4294967295,0,0
MirrorBlocks,96,32,0013ACD5,0,1,1,4294967295,0,0
