WhiteRoomShadow,448,32,00365656,0,1,1,4294967295,0,0
RenTiler,384,32,003B03C7,0,1,1,4294967295,0,0
Block,512,480,002BD2C2,0,1,1,4294967295,0,0
Block,512,512,001DCCF1,0,1,1,4294967295,0,0
Block,512,576,003524E5,0,1,1,4294967295,0,0
Block,480,576,0001E801,0,1,1,4294967295,0,0
Block,448,576,002A3DCD,0,1,1,4294967295,0,0
Block,416,576,003ABE32,0,1,1,4294967295,0,0
Block,384,576,00122219,0,1,1,4294967295,0,0
Block,352,576,002C42C3,0,1,1,4294967295,0,0
Block,320,576,000774F0,0,1,1,4294967295,0,0
Block,288,576,00275B2D,0,1,1,4294967295,0,0
Block,256,576,00376F84,0,1,1,4294967295,0,0
Block,224,576,002A4D37,0,1,1,4294967295,0,0
Block,192,576,002AD7FF,0,1,1,4294967295,0,0
Block,160,576,001238E8,0,1,1,4294967295,0,0
Block,128,576,001236C6,0,1,1,4294967295,0,0
Block,96,576,0011C4AA,0,1,1,4294967295,0,0
Block,64,576,003EE7EE,0,1,1,4294967295,0,0
Block,32,576,002C4912,0,1,1,4294967295,0,0
Block,0,576,002A1DF7,0,1,1,4294967295,0,0
Block,0,544,000E158D,0,1,1,4294967295,0,0
Block,0,512,0038413B,0,1,1,4294967295,0,0
Block,0,480,002D6253,0,1,1,4294967295,0,0
Block,0,448,0036C432,0,1,1,4294967295,0,0
Block,0,416,0025DD5E,0,1,1,4294967295,0,0
Block,0,384,003F5A9D,0,1,1,4294967295,0,0
Block,0,352,0014D724,0,1,1,4294967295,0,0
Block,0,320,00069FA0,0,1,1,4294967295,0,0
Block,0,288,000C5803,0,1,1,4294967295,0,0
Block,0,256,0035D860,0,1,1,4294967295,0,0
Block,0,224,00256182,0,1,1,4294967295,0,0
Block,0,192,001E790D,0,1,1,4294967295,0,0
Block,0,160,001E13A2,0,1,1,4294967295,0,0
Block,0,128,0010F069,0,1,1,4294967295,0,0
Block,0,96,0015B15B,0,1,1,4294967295,0,0
Block,0,64,001C39CD,0,1,1,4294967295,0,0
Block,0,32,000DD22D,0,1,1,4294967295,0,0
Block,0,0,00150955,0,1,1,4294967295,0,0
Block,32,0,0030805E,0,1,1,4294967295,0,0
Block,64,0,00011BC7,0,1,1,4294967295,0,0
Block,96,0,001C5144,0,1,1,4294967295,0,0
Block,128,0,003C8E65,0,1,1,4294967295,0,0
Block,160,0,0020C6BC,0,1,1,4294967295,0,0
Block,192,0,001B6E64,0,1,1,4294967295,0,0
Block,224,0,002AE5A1,0,1,1,4294967295,0,0
Block,256,0,003B1054,0,1,1,4294967295,0,0
Block,288,0,001C20AB,0,1,1,4294967295,0,0
Block,320,0,001F8CB0,0,1,1,4294967295,0,0
Block,352,0,00022C04,0,1,1,4294967295,0,0
Block,384,0,0017DB47,0,1,1,4294967295,0,0
Block,416,0,0028C8F1,0,1,1,4294967295,0,0
Block,448,0,003C7E19,0,1,1,4294967295,0,0
Block,480,0,001A425E,0,1,1,4294967295,0,0
Block,512,0,00207D6C,0,1,1,4294967295,0,0
Block,544,0,0020E27E,0,1,1,4294967295,0,0
Block,576,0,003098A0,0,1,1,4294967295,0,0
Block,608,0,0014177E,0,1,1,4294967295,0,0
Block,640,0,0003BB5A,0,1,1,4294967295,0,0
Block,672,0,000FEAE1,0,1,1,4294967295,0,0
Block,704,0,0033B1B1,0,1,1,4294967295,0,0
Block,736,0,00216AD4,0,1,1,4294967295,0,0
Block,768,0,0004DFEE,0,1,1,4294967295,0,0
Block,768,32,0032DAEE,0,1,1,4294967295,0,0
Block,768,64,002509BC,0,1,1,4294967295,0,0
Block,768,96,001B9D23,0,1,1,4294967295,0,0
Block,768,128,001DF625,0,1,1,4294967295,0,0
Block,768,160,00251809,0,1,1,4294967295,0,0
Block,768,192,000E71FC,0,1,1,4294967295,0,0
Block,768,224,003E1E03,0,1,1,4294967295,0,0
Block,768,256,003ACE76,0,1,1,4294967295,0,0
Block,768,288,003A76AA,0,1,1,4294967295,0,0
Block,768,320,00085FE8,0,1,1,4294967295,0,0
Block,768,352,003498A5,0,1,1,4294967295,0,0
Block,768,384,00230575,0,1,1,4294967295,0,0
Block,768,416,0031D850,0,1,1,4294967295,0,0
Block,768,448,0020F73C,0,1,1,4294967295,0,0
Block,768,480,001413D7,0,1,1,4294967295,0,0
Block,768,512,002CE4B8,0,1,1,4294967295,0,0
Block,768,544,0006A460,0,1,1,4294967295,0,0
Block,768,576,00362F7C,0,1,1,4294967295,0,0
Block,736,576,0007CC93,0,1,1,4294967295,0,0
Block,704,576,00175EE1,0,1,1,4294967295,0,0
Block,672,576,00059176,0,1,1,4294967295,0,0
Block,640,576,0005872B,0,1,1,4294967295,0,0
Block,608,576,002E601D,0,1,1,4294967295,0,0
Block,576,576,0000F7F5,0,1,1,4294967295,0,0
Block,544,576,0021B8DE,0,1,1,4294967295,0,0
Block,128,416,000C6107,0,1,1,4294967295,0,0
Block,128,384,0027DDC0,0,1,1,4294967295,0,0
Block,128,352,003778CA,0,1,1,4294967295,0,0
Block,128,320,0011E86A,0,1,1,4294967295,0,0
Block,128,288,000FEEA1,0,1,1,4294967295,0,0
Block,128,256,001263BD,0,1,1,4294967295,0,0
Block,128,224,000EBEFF,0,1,1,4294967295,0,0
Block,32,128,0035E0A9,0,1,1,4294967295,0,0
Block,64,128,003BD8EE,0,1,1,4294967295,0,0
Block,96,128,00185C83,0,1,1,4294967295,0,0
Block,128,128,0037FC0E,0,1,1,4294967295,0,0
Block,160,128,00375367,0,1,1,4294967295,0,0
Block,192,128,00374C13,0,1,1,4294967295,0,0
Block,224,128,00244A13,0,1,1,4294967295,0,0
Block,256,128,0011A692,0,1,1,4294967295,0,0
Block,352,128,0012EF12,0,1,1,4294967295,0,0
Block,384,128,001D5F85,0,1,1,4294967295,0,0
Block,416,128,00186994,0,1,1,4294967295,0,0
Block,448,128,00153834,0,1,1,4294967295,0,0
Block,480,128,003A896D,0,1,1,4294967295,0,0
Block,512,128,00036619,0,1,1,4294967295,0,0
Block,544,64,0007BB32,0,1,1,4294967295,0,0
Block,544,96,002DF3C9,0,1,1,4294967295,0,0
Block,512,160,00221C1A,0,1,1,4294967295,0,0
Block,256,224,002C62C0,0,1,1,4294967295,0,0
Block,256,256,00114806,0,1,1,4294967295,0,0
Block,288,256,00352C4E,0,1,1,4294967295,0,0
Block,320,256,0006C84E,0,1,1,4294967295,0,0
Block,352,256,003F6134,0,1,1,4294967295,0,0
Block,352,224,002D6E5F,0,1,1,4294967295,0,0
Block,672,448,0038AC48,0,1,1,4294967295,0,0
Block,640,448,001E3344,0,1,1,4294967295,0,0
Block,640,416,000E4100,0,1,1,4294967295,0,0
Block,640,384,00393031,0,1,1,4294967295,0,0
Block,640,352,00275E9C,0,1,1,4294967295,0,0
Block,640,320,000483CB,0,1,1,4294967295,0,0
Block,640,288,002CFC44,0,1,1,4294967295,0,0
Block,640,256,003505EB,0,1,1,4294967295,0,0
Block,640,224,002D6E60,0,1,1,4294967295,0,0
Block,608,224,0028CE8E,0,1,1,4294967295,0,0
Block,576,224,001CD395,0,1,1,4294967295,0,0
Block,672,224,002CC96C,0,1,1,4294967295,0,0
Block,704,224,00301481,0,1,1,4294967295,0,0
Block,704,352,0004FA3E,0,1,1,4294967295,0,0
Block,736,352,0013D5B1,0,1,1,4294967295,0,0
Block,672,160,00372A5E,0,1,1,4294967295,0,0
Block,704,96,001A535A,0,1,1,4294967295,0,0
Block,672,96,001F1E02,0,1,1,4294967295,0,0
Block,608,96,000C5D29,0,1,1,4294967295,0,0
Block,512,544,001A3F37,0,1,1,4294967295,0,0
Block,384,256,0026919A,0,1,1,4294967295,0,0
Block,384,288,00017D58,0,1,1,4294967295,0,0
Block,384,320,001CBB5E,0,1,1,4294967295,0,0
Block,384,352,001F9E98,0,1,1,4294967295,0,0
Block,384,384,001B6404,0,1,1,4294967295,0,0
Block,384,416,0034E3EA,0,1,1,4294967295,0,0
Block,576,256,002A218E,0,1,1,4294967295,0,0
Block,704,544,001AE4A5,0,1,1,4294967295,0,0
Block,576,192,001E97D8,0,1,1,4294967295,0,0
Block,160,416,0033D002,0,1,1,4294967295,0,0
Block,192,416,003C51C1,0,1,1,4294967295,0,0
Block,224,416,00207FAE,0,1,1,4294967295,0,0
Block,256,416,000750A2,0,1,1,4294967295,0,0
Block,288,416,0037CCFC,0,1,1,4294967295,0,0
Block,320,416,0037A24B,0,1,1,4294967295,0,0
Block,352,416,0016A229,0,1,1,4294967295,0,0
Block,32,448,0019AAF1,0,1,1,4294967295,0,0
Block,64,448,003B115E,0,1,1,4294967295,0,0
Block,256,160,001EB950,0,1,1,4294967295,0,0
Block,256,192,00386C97,0,1,1,4294967295,0,0
Block,128,192,002F61E7,0,1,1,4294967295,0,0
Block,32,224,0002E738,0,1,1,4294967295,0,0
Block,96,352,003E84D3,0,1,1,4294967295,0,0
Block,544,32,0030DCEB,0,1,1,4294967295,0,0
Block,544,128,0034A940,0,1,1,4294967295,0,0
Block,672,64,002E9801,0,1,1,4294967295,0,0
Block,128,96,002F9802,0,1,1,4294967295,0,0
Block,192,96,00217D3F,0,1,1,4294967295,0,0
Block,256,96,0014428B,0,1,1,4294967295,0,0
WarpToHub,64,96,00305DF3,0,1,1,4294967295,0,0
WarpToHubPoint,32,416,0011641D,0,1,1,4294967295,0,0
WarpToHubPoint,736,320,00202626,0,1,1,4294967295,0,0
RenWin,336,400,00340002,0,1,1,4294967295,0,0
RenApple,96,32,0028774B,0,1,1,4294967295,0,0
RenApple,384,224,0021062B,0,1,1,4294967295,0,0
RenApple,416,224,00359AA8,0,1,1,4294967295,0,0
RenApple,480,544,0025B985,0,1,1,4294967295,0,0
RenApple,448,544,0008F882,0,1,1,4294967295,0,0
RenApple,416,544,00145FEE,0,1,1,4294967295,0,0
RenApple,384,544,0025B135,0,1,1,4294967295,0,0
RenApple,704,480,00315BB2,0,1,1,4294967295,0,0
RenSave,64,96,0019D621,0,1,1,4294967295,0,0
RenSave,736,320,00402B04,0,1,1,4294967295,0,0
RenClown,608,256,0030F8DE,0,1,1,4294967295,0,0
RenApple,736,544,002DFA36,0,1,1,4294967295,0,0
RenTrapStar,736,384,0032881D,0,1,1,4294967295,0,0
RenClown,32,544,003E5BDC,0,1,1,4294967295,0,0
RenClown,288,224,002AAD7D,0,1,1,4294967295,0,0
RenClown,576,160,00182D2E,0,1,1,4294967295,0,0
RenApple,64,320,0030190F,0,1,1,4294967295,0,0
RenApple,64,256,0029C380,0,1,1,4294967295,0,0
RenApple,96,192,002BD50F,0,1,1,4294967295,0,0
RenHitBallU,192,224,0014D23C,0,1,1,4294967295,0,0
RenHitBallV,272,368,0035CE73,0,1,1,4294967295,0,0
RenHitBallV,288,336,00124C71,0,1,1,4294967295,0,0
RenHitBallV,304,304,000B8E35,0,1,1,4294967295,0,0
RenHitBallH,208,368,00103569,0,1,1,4294967295,0,0
RenApple,288,352,002D97C7,0,1,1,4294967295,0,0
RenApple,256,384,002A7A42,0,1,1,4294967295,0,0
RenApple,320,352,00002596,0,1,1,4294967295,0,0
RenApple,192,320,00111068,0,1,1,4294967295,0,0
RenApple,160,352,003EDECD,0,1,1,4294967295,0,0
RenApple,224,384,00127C5B,0,1,1,4294967295,0,0
RenApple,512,416,00108E3E,0,1,1,4294967295,0,0
RenApple,160,448,000BD5E1,0,1,1,4294967295,0,0
RenApple,192,448,000D842D,0,1,1,4294967295,0,0
RenApple,224,448,002914F7,0,1,1,4294967295,0,0
RenApple,256,448,003229B7,0,1,1,4294967295,0,0
RenApple,288,448,00358EDE,0,1,1,4294967295,0,0
RenApple,320,448,000B5BFA,0,1,1,4294967295,0,0
RenApple,224,32,00388557,0,1,1,4294967295,0,0
RenApple,160,32,003D2ABF,0,1,1,4294967295,0,0
RenWallTransform,512,448,0029CADF,0,1,1,4294967295,0,0
RenClown,416,64,00072B0F,0,1,1,4294967295,0,0
RenSave,32,416,0028193F,0,1,1,4294967295,0,0
RenClown,32,480,001E0C13,0,1,1,4294967295,0,0
RenAtomBomb,560,560,003AFEE9,0,1,1,4294967295,0,0
MusicPlayer,416,32,00182606,0,1,1,4294967295,0,0
RenApple,448,240,001E9031,0,1,1,4294967295,0,0
PlayerStart,32,96,0002EBA3,0,1,1,4294967295,0,0
