backgroundFit,32,64,00228043,0,1,1,4294967295,0,0
RenTiler,32,32,0008C9A7,0,1,1,4294967295,0,0
Block,0,0,00154755,0,1,1,4294967295,0,0
Block,0,32,00383A55,0,1,1,4294967295,0,0
Block,0,64,00397842,0,1,1,4294967295,0,0
Block,0,96,00393EF5,0,1,1,4294967295,0,0
Block,0,128,001C6207,0,1,1,4294967295,0,0
Block,0,160,002AC179,0,1,1,4294967295,0,0
Block,0,192,003CAEF4,0,1,1,4294967295,0,0
Block,0,224,0019E5A1,0,1,1,4294967295,0,0
Block,0,256,0025AABC,0,1,1,4294967295,0,0
Block,0,288,0017AF7E,0,1,1,4294967295,0,0
Block,0,320,0028D919,0,1,1,4294967295,0,0
Block,0,352,0018DDC5,0,1,1,4294967295,0,0
Block,0,384,00396C35,0,1,1,4294967295,0,0
Block,0,416,00334653,0,1,1,4294967295,0,0
Block,0,448,00122F81,0,1,1,4294967295,0,0
Block,0,480,0022EDEA,0,1,1,4294967295,0,0
Block,0,512,0000A631,0,1,1,4294967295,0,0
Block,0,544,000C47C8,0,1,1,4294967295,0,0
Block,0,576,003D5E07,0,1,1,4294967295,0,0
Block,32,576,0020EF0C,0,1,1,4294967295,0,0
Block,64,576,002996B1,0,1,1,4294967295,0,0
Block,96,576,001EBDE5,0,1,1,4294967295,0,0
Block,128,576,003B6866,0,1,1,4294967295,0,0
Block,160,576,00201CEC,0,1,1,4294967295,0,0
Block,192,576,003F02C1,0,1,1,4294967295,0,0
Block,224,576,00371B37,0,1,1,4294967295,0,0
Block,256,576,00133FB2,0,1,1,4294967295,0,0
Block,288,576,002FAB2C,0,1,1,4294967295,0,0
Block,320,576,002C9FEE,0,1,1,4294967295,0,0
Block,352,576,0012C049,0,1,1,4294967295,0,0
Block,384,576,0036CBDB,0,1,1,4294967295,0,0
Block,416,576,002275E0,0,1,1,4294967295,0,0
Block,448,576,001278EC,0,1,1,4294967295,0,0
Block,480,576,001FCA46,0,1,1,4294967295,0,0
Block,512,576,002E4B22,0,1,1,4294967295,0,0
Block,544,576,0012D0F7,0,1,1,4294967295,0,0
Block,576,576,00301622,0,1,1,4294967295,0,0
Block,608,576,00052B90,0,1,1,4294967295,0,0
Block,640,576,00199A49,0,1,1,4294967295,0,0
Block,672,576,003C36D2,0,1,1,4294967295,0,0
Block,704,576,0008A67F,0,1,1,4294967295,0,0
Block,736,576,00256D35,0,1,1,4294967295,0,0
Block,768,576,001A3651,0,1,1,4294967295,0,0
Block,768,480,001B324D,0,1,1,4294967295,0,0
Block,768,448,000F4A74,0,1,1,4294967295,0,0
Block,768,416,00110375,0,1,1,4294967295,0,0
Block,768,384,003AE3D1,0,1,1,4294967295,0,0
Block,768,352,00146880,0,1,1,4294967295,0,0
Block,768,320,0030BB9F,0,1,1,4294967295,0,0
Block,768,288,001A4072,0,1,1,4294967295,0,0
Block,768,256,000D99F7,0,1,1,4294967295,0,0
Block,768,224,000D5282,0,1,1,4294967295,0,0
Block,768,192,0012F18D,0,1,1,4294967295,0,0
Block,768,160,00245741,0,1,1,4294967295,0,0
Block,768,128,001CB9F2,0,1,1,4294967295,0,0
Block,768,96,001139D1,0,1,1,4294967295,0,0
Block,768,64,003C0FC7,0,1,1,4294967295,0,0
Block,768,32,0004BCD4,0,1,1,4294967295,0,0
Block,768,0,001AB30E,0,1,1,4294967295,0,0
Block,736,0,002843C3,0,1,1,4294967295,0,0
Block,704,0,000D7D2F,0,1,1,4294967295,0,0
Block,672,0,00128DA7,0,1,1,4294967295,0,0
Block,640,0,001DF4E9,0,1,1,4294967295,0,0
Block,608,0,00325C78,0,1,1,4294967295,0,0
Block,576,0,0037C947,0,1,1,4294967295,0,0
Block,544,0,002CEF14,0,1,1,4294967295,0,0
Block,512,0,0032BE73,0,1,1,4294967295,0,0
Block,480,0,0024FD0E,0,1,1,4294967295,0,0
Block,448,0,0000F36B,0,1,1,4294967295,0,0
Block,416,0,00019503,0,1,1,4294967295,0,0
Block,384,0,00307ECD,0,1,1,4294967295,0,0
Block,352,0,0004653D,0,1,1,4294967295,0,0
Block,320,0,000BE1D3,0,1,1,4294967295,0,0
Block,288,0,00299B1D,0,1,1,4294967295,0,0
Block,256,0,001C5D39,0,1,1,4294967295,0,0
Block,224,0,001982CB,0,1,1,4294967295,0,0
Block,192,0,003C8B99,0,1,1,4294967295,0,0
Block,160,0,0039DD0E,0,1,1,4294967295,0,0
Block,128,0,0019A50D,0,1,1,4294967295,0,0
Block,96,0,0007E718,0,1,1,4294967295,0,0
Block,64,0,00030B03,0,1,1,4294967295,0,0
Block,32,0,000BF2BA,0,1,1,4294967295,0,0
Block,64,384,00384472,0,1,1,4294967295,0,0
Block,192,352,002B034A,0,1,1,4294967295,0,0
Block,160,480,0013CC5F,0,1,1,4294967295,0,0
Block,128,192,001102CE,0,1,1,4294967295,0,0
Block,256,256,0008EDB2,0,1,1,4294967295,0,0
Block,256,96,001DA546,0,1,1,4294967295,0,0
Block,672,512,0019053A,0,1,1,4294967295,0,0
Block,352,128,00060CA2,0,1,1,4294967295,0,0
Block,352,160,0036EFDF,0,1,1,4294967295,0,0
Block,352,256,0039E534,0,1,1,4294967295,0,0
Block,416,160,002AAB67,0,1,1,4294967295,0,0
Block,448,128,002A486B,0,1,1,4294967295,0,0
Block,640,224,00026415,0,1,1,4294967295,0,0
Block,544,320,002F2B1C,0,1,1,4294967295,0,0
Block,512,352,0026F66E,0,1,1,4294967295,0,0
Block,448,352,0006362E,0,1,1,4294967295,0,0
Block,416,544,00271440,0,1,1,4294967295,0,0
Block,544,544,00295DD7,0,1,1,4294967295,0,0
Block,736,192,000442A2,0,1,1,4294967295,0,0
Block,576,288,0033F601,0,1,1,4294967295,0,0
Block,480,352,0012ACA5,0,1,1,4294967295,0,0
Block,416,320,001C8D64,0,1,1,4294967295,0,0
Block,416,352,00092F68,0,1,1,4294967295,0,0
Block,544,352,0029277D,0,1,1,4294967295,0,0
Block,480,128,0034CBE9,0,1,1,4294967295,0,0
Block,512,128,00119123,0,1,1,4294967295,0,0
Block,544,128,000AAA12,0,1,1,4294967295,0,0
Block,576,128,0032FEF7,0,1,1,4294967295,0,0
Block,608,128,000974D6,0,1,1,4294967295,0,0
Block,640,128,0037AD74,0,1,1,4294967295,0,0
Block,640,96,000E0FF1,0,1,1,4294967295,0,0
Block,640,32,0025018E,0,1,1,4294967295,0,0
Block,384,160,000FBABA,0,1,1,4294967295,0,0
Block,608,224,002F1644,0,1,1,4294967295,0,0
Block,448,160,002FB46B,0,1,1,4294967295,0,0
Block,128,64,0003E16B,0,1,1,4294967295,0,0
Block,64,256,002BE592,0,1,1,4294967295,0,0
Block,672,384,00086FEF,0,1,1,4294967295,0,0
Block,736,64,000EB42D,0,1,1,4294967295,0,0
Block,736,288,00135124,0,1,1,4294967295,0,0
Block,96,544,000DA6D6,0,1,1,4294967295,0,0
Block,768,512,00108CD3,0,1,1,4294967295,0,0
WarpToHub,64,544,003F2283,0,1,1,4294967295,0,0
RenSpikeUp,96,128,00262043,0,1,1,4294967295,0,0
RenSpikeUp,192,448,0029B4C5,0,1,1,4294967295,0,0
RenSpikeUp,160,288,0026D1CD,0,1,1,4294967295,0,0
RenSpikeUp,160,128,002F4CA8,0,1,1,4294967295,0,0
RenSpikeUp,224,64,000E32FA,0,1,1,4294967295,0,0
RenSpikeUp,288,224,001FCA53,0,1,1,4294967295,0,0
RenSpikeUp,32,352,0027F561,0,1,1,4294967295,0,0
RenSpikeUp,480,96,000E79A4,0,1,1,4294967295,0,0
RenSpikeUp,544,96,0016F914,0,1,1,4294967295,0,0
RenSpikeUp,448,96,00373E74,0,1,1,4294967295,0,0
RenSpikeUp,416,288,000FFA45,0,1,1,4294967295,0,0
RenSpikeUp,576,256,002F37E6,0,1,1,4294967295,0,0
RenSpikeUp,640,192,000A3BA8,0,1,1,4294967295,0,0
RenSpikeUp,736,160,00365D30,0,1,1,4294967295,0,0
RenSpikeUp,416,512,00048B06,0,1,1,4294967295,0,0
RenSpikeUp,576,544,001BB949,0,1,1,4294967295,0,0
RenSpikeUp,384,544,0006AA70,0,1,1,4294967295,0,0
RenSpikeUp,544,512,0007DC49,0,1,1,4294967295,0,0
RenSpikeUp,672,480,0005FD3A,0,1,1,4294967295,0,0
RenSpikeUp,448,544,0018F255,0,1,1,4294967295,0,0
RenSpikeUp,224,320,00236B95,0,1,1,4294967295,0,0
RenSpikeUp,96,352,003D1D35,0,1,1,4294967295,0,0
RenSpikeUp,128,416,001776E5,0,1,1,4294967295,0,0
RenSpikeUp,224,224,00350E52,0,1,1,4294967295,0,0
RenSpikeUp,288,64,003B7AD5,0,1,1,4294967295,0,0
RenSpikeUp,320,544,003CADE7,0,1,1,4294967295,0,0
RenSpikeUp,288,544,000525D7,0,1,1,4294967295,0,0
RenSpikeUp,256,544,000A7BFD,0,1,1,4294967295,0,0
RenSpikeUp,224,544,0002084C,0,1,1,4294967295,0,0
RenSpikeUp,352,544,00388290,0,1,1,4294967295,0,0
RenSpikeUp,352,224,0004DFA1,0,1,1,4294967295,0,0
RenSpikeUp,128,32,00291E21,0,1,1,4294967295,0,0
RenSpikeUp,64,224,00304686,0,1,1,4294967295,0,0
RenSpikeUp,352,96,00247FB4,0,1,1,4294967295,0,0
RenSpikeUp,512,544,000CF814,0,1,1,4294967295,0,0
RenSpikeUp,672,352,003CF770,0,1,1,4294967295,0,0
RenSpikeUp,736,32,0005C1FC,0,1,1,4294967295,0,0
RenSpikeUp,512,320,0002C870,0,1,1,4294967295,0,0
RenSpikeUp,736,256,000F7136,0,1,1,4294967295,0,0
RenSpikeUp,608,96,003316CB,0,1,1,4294967295,0,0
WarpToHubPoint,448,320,001C4D39,0,1,1,4294967295,0,0
WarpToHubPoint,384,128,001C8AC3,0,1,1,4294967295,0,0
WarpToHubPoint,608,544,0032A429,0,1,1,4294967295,0,0
RenSave,64,544,00118843,0,1,1,4294967295,0,0
RenSpikeDown,192,480,0004698B,0,1,1,4294967295,0,0
RenSpikeDown,128,480,003FB536,0,1,1,4294967295,0,0
RenSpikeDown,96,384,00155307,0,1,1,4294967295,0,0
RenSpikeDown,32,384,003F619A,0,1,1,4294967295,0,0
RenSpikeDown,160,352,0025BA74,0,1,1,4294967295,0,0
RenSpikeDown,224,352,003470DE,0,1,1,4294967295,0,0
RenSpikeDown,224,256,00312082,0,1,1,4294967295,0,0
RenSpikeDown,288,256,002A2447,0,1,1,4294967295,0,0
RenSpikeDown,96,192,000796F5,0,1,1,4294967295,0,0
RenSpikeDown,160,192,00187D0A,0,1,1,4294967295,0,0
RenSpikeDown,224,96,0036CF1B,0,1,1,4294967295,0,0
RenSpikeDown,288,96,00352853,0,1,1,4294967295,0,0
RenSpikeDown,256,128,001BA1C8,0,1,1,4294967295,0,0
RenSpikeDown,256,288,002FEEBE,0,1,1,4294967295,0,0
RenSpikeDown,192,384,0003626B,0,1,1,4294967295,0,0
RenSpikeDown,128,224,0033A627,0,1,1,4294967295,0,0
RenSpikeDown,64,416,000ADC0F,0,1,1,4294967295,0,0
RenSpikeDown,160,512,001D31C7,0,1,1,4294967295,0,0
RenSave,384,128,002A5753,0,1,1,4294967295,0,0
RenSpikeDown,640,256,003D58C4,0,1,1,4294967295,0,0
RenSpikeDown,464,32,0021A114,0,1,1,4294967295,0,0
RenSpikeDown,528,32,0014A306,0,1,1,4294967295,0,0
RenSpikeDown,480,160,658BE4A0,0,1,1,4294967295,0,1
RenSpikeDown,672,544,00044488,0,1,1,4294967295,0,0
RenSpikeRight,704,512,0033CFA6,0,1,1,4294967295,0,0
RenSpikeLeft,640,512,002DD2F1,0,1,1,4294967295,0,0
RenSpikeDown,672,416,0018AF4B,0,1,1,4294967295,0,0
RenSpikeRight,672,32,00275638,0,1,1,4294967295,0,0
RenSpikeRight,672,112,0032F33E,0,1,1,4294967295,0,0
RenSave,448,320,002A047F,0,1,1,4294967295,0,0
RenSpikeLeft,544,288,003F1513,0,1,1,4294967295,0,0
RenSpikeLeft,320,256,003333C4,0,1,1,4294967295,0,0
RenSpikeDown,352,288,0039FEDA,0,1,1,4294967295,0,0
RenSpikeDown,128,96,0015FF11,0,1,1,4294967295,0,0
RenSpikeLeft,96,64,0031C711,0,1,1,4294967295,0,0
RenSpikeRight,160,64,002A1B0E,0,1,1,4294967295,0,0
RenSpikeLeft,32,256,0025984E,0,1,1,4294967295,0,0
RenSpikeRight,96,256,000B6AAB,0,1,1,4294967295,0,0
RenSpikeDown,64,288,003103E4,0,1,1,4294967295,0,0
RenSpikeLeft,384,352,002B2DA0,0,1,1,4294967295,0,0
RenSpikeRight,704,384,003F1BEF,0,1,1,4294967295,0,0
RenSpikeLeft,640,384,002EA2E4,0,1,1,4294967295,0,0
RenSpikeDown,416,384,94E5F42E,0,1,1,4294967295,0,1
RenSpikeDown,384,32,001739C1,0,1,1,4294967295,0,0
RenSpikeDown,576,320,003DF9AF,0,1,1,4294967295,0,0
RenSpikeRight,608,288,002498F8,0,1,1,4294967295,0,0
RenSpikeRight,672,224,00143799,0,1,1,4294967295,0,0
RenSpikeLeft,704,192,0034F46B,0,1,1,4294967295,0,0
RenSpikeLeft,704,64,00246CDB,0,1,1,4294967295,0,0
RenSpikeDown,736,96,003F8F8D,0,1,1,4294967295,0,0
RenSpikeDown,736,224,00235FA9,0,1,1,4294967295,0,0
RenSpikeDown,736,320,0002CA1D,0,1,1,4294967295,0,0
RenSpikeLeft,704,288,003DF622,0,1,1,4294967295,0,0
RenSpikeRight,576,352,0022C59B,0,1,1,4294967295,0,0
RenSpikeDown,400,192,FB361EA2,0,1,1,4294967295,0,1
Item7,304,304,002DE765,0,1,1,4294967295,0,0
RenSpikeDown,560,32,002DC148,0,1,1,4294967295,0,0
RenSpikeDown,608,32,000715F5,0,1,1,4294967295,0,0
CarStart,720,544,000236F2,0,1,1,4294967295,0,0
RenSave,608,544,000CCA46,0,1,1,4294967295,0,0
MusicPlayer,64,64,003AEEA3,0,1,1,4294967295,0,0
PlayerStart,32,544,00185DD0,0,1,1,4294967295,0,0
MirrorBlocks,64,32,003C8AE6,0,1,1,4294967295,0,0
