backgroundFit,32,64,001316EA,0,1,1,4294967295,0,0
RenTiler,32,32,00149DD8,0,1,1,4294967295,0,0
Block,0,0,001AD8EE,0,1,1,4294967295,0,0
Block,0,32,003540AF,0,1,1,4294967295,0,0
Block,0,64,003B8848,0,1,1,4294967295,0,0
Block,0,96,001ACE45,0,1,1,4294967295,0,0
Block,0,128,00178EF2,0,1,1,4294967295,0,0
Block,0,160,001C4882,0,1,1,4294967295,0,0
Block,0,192,001B0F0D,0,1,1,4294967295,0,0
Block,0,224,0025D73B,0,1,1,4294967295,0,0
Block,0,256,00192869,0,1,1,4294967295,0,0
Block,0,288,0028E31B,0,1,1,4294967295,0,0
Block,0,320,00131FD8,0,1,1,4294967295,0,0
Block,0,352,001C9F0E,0,1,1,4294967295,0,0
Block,0,384,00201CC5,0,1,1,4294967295,0,0
Block,0,416,003F313A,0,1,1,4294967295,0,0
Block,0,448,0032980B,0,1,1,4294967295,0,0
Block,0,480,001839AB,0,1,1,4294967295,0,0
Block,0,512,00171374,0,1,1,4294967295,0,0
Block,0,544,001FBCD3,0,1,1,4294967295,0,0
Block,0,576,0008FD0A,0,1,1,4294967295,0,0
Block,32,576,0009696B,0,1,1,4294967295,0,0
Block,64,576,0010414B,0,1,1,4294967295,0,0
Block,96,576,002853AE,0,1,1,4294967295,0,0
Block,128,576,0030DE46,0,1,1,4294967295,0,0
Block,160,576,001A0287,0,1,1,4294967295,0,0
Block,192,576,00401A27,0,1,1,4294967295,0,0
Block,224,576,00067921,0,1,1,4294967295,0,0
Block,256,576,003CAABC,0,1,1,4294967295,0,0
Block,288,576,00349240,0,1,1,4294967295,0,0
Block,320,576,00298180,0,1,1,4294967295,0,0
Block,352,576,00281D14,0,1,1,4294967295,0,0
Block,384,576,0018DBF0,0,1,1,4294967295,0,0
Block,416,576,0016E8D8,0,1,1,4294967295,0,0
Block,448,576,000C5346,0,1,1,4294967295,0,0
Block,480,576,0005D06F,0,1,1,4294967295,0,0
Block,512,576,002468C0,0,1,1,4294967295,0,0
Block,544,576,002CED4E,0,1,1,4294967295,0,0
Block,576,576,0006E453,0,1,1,4294967295,0,0
Block,608,576,003354E4,0,1,1,4294967295,0,0
Block,640,576,003D6F03,0,1,1,4294967295,0,0
Block,672,576,001DDCB5,0,1,1,4294967295,0,0
Block,704,576,002DB8D0,0,1,1,4294967295,0,0
Block,736,576,000CB932,0,1,1,4294967295,0,0
Block,768,576,000517F9,0,1,1,4294967295,0,0
Block,768,512,002C6FC1,0,1,1,4294967295,0,0
Block,768,480,000BC953,0,1,1,4294967295,0,0
Block,768,448,00182CDF,0,1,1,4294967295,0,0
Block,768,416,0005ADFC,0,1,1,4294967295,0,0
Block,768,384,00105CF2,0,1,1,4294967295,0,0
Block,768,352,00275E6A,0,1,1,4294967295,0,0
Block,768,320,0036CC93,0,1,1,4294967295,0,0
Block,768,288,003D0002,0,1,1,4294967295,0,0
Block,768,256,003342D6,0,1,1,4294967295,0,0
Block,768,224,001259EE,0,1,1,4294967295,0,0
Block,768,192,003E515E,0,1,1,4294967295,0,0
Block,768,160,002F7419,0,1,1,4294967295,0,0
Block,768,128,0010B063,0,1,1,4294967295,0,0
Block,768,96,0010B796,0,1,1,4294967295,0,0
Block,768,64,00347788,0,1,1,4294967295,0,0
Block,768,32,0006435F,0,1,1,4294967295,0,0
Block,768,0,0001CA6D,0,1,1,4294967295,0,0
Block,736,0,00207A39,0,1,1,4294967295,0,0
Block,704,0,0031B473,0,1,1,4294967295,0,0
Block,672,0,00175155,0,1,1,4294967295,0,0
Block,640,0,00080FDB,0,1,1,4294967295,0,0
Block,608,0,003E9A74,0,1,1,4294967295,0,0
Block,576,0,001BD7E9,0,1,1,4294967295,0,0
Block,544,0,002A2F0A,0,1,1,4294967295,0,0
Block,512,0,002CE922,0,1,1,4294967295,0,0
Block,480,0,0006F4C8,0,1,1,4294967295,0,0
Block,448,0,00339DA1,0,1,1,4294967295,0,0
Block,416,0,000201E2,0,1,1,4294967295,0,0
Block,384,0,003F7D1A,0,1,1,4294967295,0,0
Block,352,0,0031EE6A,0,1,1,4294967295,0,0
Block,320,0,002D52E3,0,1,1,4294967295,0,0
Block,288,0,00070103,0,1,1,4294967295,0,0
Block,256,0,002DE676,0,1,1,4294967295,0,0
Block,224,0,0006734D,0,1,1,4294967295,0,0
Block,192,0,003EFD7A,0,1,1,4294967295,0,0
Block,160,0,001535B1,0,1,1,4294967295,0,0
Block,128,0,001EB03F,0,1,1,4294967295,0,0
Block,96,0,003A0AE5,0,1,1,4294967295,0,0
Block,64,0,002B5324,0,1,1,4294967295,0,0
Block,32,0,0004E89A,0,1,1,4294967295,0,0
Block,64,384,0010FF14,0,1,1,4294967295,0,0
Block,192,352,0014F3C7,0,1,1,4294967295,0,0
Block,160,480,00180C5E,0,1,1,4294967295,0,0
Block,128,192,0039609A,0,1,1,4294967295,0,0
Block,256,256,002DC2A0,0,1,1,4294967295,0,0
Block,256,96,001C8C66,0,1,1,4294967295,0,0
Block,672,512,0010A840,0,1,1,4294967295,0,0
Block,352,128,001868C6,0,1,1,4294967295,0,0
Block,352,160,001FD9AC,0,1,1,4294967295,0,0
Block,352,256,001E95E7,0,1,1,4294967295,0,0
Block,416,160,000C32F4,0,1,1,4294967295,0,0
Block,448,128,001D362B,0,1,1,4294967295,0,0
Block,640,224,000F2114,0,1,1,4294967295,0,0
Block,544,320,0015172C,0,1,1,4294967295,0,0
Block,512,352,002E08CF,0,1,1,4294967295,0,0
Block,448,352,0025D499,0,1,1,4294967295,0,0
Block,416,544,00308475,0,1,1,4294967295,0,0
Block,544,544,0037979E,0,1,1,4294967295,0,0
Block,736,192,00318D25,0,1,1,4294967295,0,0
Block,576,288,002B5705,0,1,1,4294967295,0,0
Block,480,352,002797C6,0,1,1,4294967295,0,0
Block,416,320,000BAFEB,0,1,1,4294967295,0,0
Block,416,352,00176AA3,0,1,1,4294967295,0,0
Block,544,352,000D730E,0,1,1,4294967295,0,0
Block,480,128,00052CE5,0,1,1,4294967295,0,0
Block,512,128,0034D7D0,0,1,1,4294967295,0,0
Block,544,128,00342156,0,1,1,4294967295,0,0
Block,576,128,00099985,0,1,1,4294967295,0,0
Block,608,128,00235D18,0,1,1,4294967295,0,0
Block,640,128,003D3082,0,1,1,4294967295,0,0
Block,640,96,001D0151,0,1,1,4294967295,0,0
Block,640,32,00055457,0,1,1,4294967295,0,0
Block,384,160,003639A7,0,1,1,4294967295,0,0
Block,608,224,000D8275,0,1,1,4294967295,0,0
Block,448,160,002B353B,0,1,1,4294967295,0,0
Block,128,64,00048E02,0,1,1,4294967295,0,0
Block,64,256,000BFA8F,0,1,1,4294967295,0,0
Block,672,384,0027E019,0,1,1,4294967295,0,0
Block,736,64,00153E34,0,1,1,4294967295,0,0
Block,736,288,000A76A3,0,1,1,4294967295,0,0
Block,96,544,003FAB7C,0,1,1,4294967295,0,0
WarpToHub,64,544,0017B7F4,0,1,1,4294967295,0,0
RenSpikeUp,96,128,0006DC9B,0,1,1,4294967295,0,0
RenSpikeUp,192,448,0031284F,0,1,1,4294967295,0,0
RenSpikeUp,160,272,0006EDB4,0,1,1,4294967295,0,0
RenSpikeUp,160,160,001A7806,0,1,1,4294967295,0,0
RenSpikeUp,224,64,0025D592,0,1,1,4294967295,0,0
RenSpikeUp,288,224,002FC751,0,1,1,4294967295,0,0
RenSpikeUp,32,352,003140AB,0,1,1,4294967295,0,0
RenSpikeUp,480,96,000E9518,0,1,1,4294967295,0,0
RenSpikeUp,544,96,00262986,0,1,1,4294967295,0,0
RenSpikeUp,448,96,002576A8,0,1,1,4294967295,0,0
RenSpikeUp,416,288,0025B881,0,1,1,4294967295,0,0
RenSpikeUp,576,256,00251E23,0,1,1,4294967295,0,0
RenSpikeUp,608,192,0030B200,0,1,1,4294967295,0,0
RenSpikeUp,736,160,00091AC3,0,1,1,4294967295,0,0
RenSpikeUp,416,512,002BF55F,0,1,1,4294967295,0,0
RenSpikeUp,576,544,001C43E2,0,1,1,4294967295,0,0
RenSpikeUp,384,544,000007B3,0,1,1,4294967295,0,0
RenSpikeUp,544,512,000C49E8,0,1,1,4294967295,0,0
RenSpikeUp,672,480,0031125E,0,1,1,4294967295,0,0
RenSpikeUp,224,320,003E9012,0,1,1,4294967295,0,0
RenSpikeUp,96,352,0028B599,0,1,1,4294967295,0,0
RenSpikeUp,128,416,002D4DD9,0,1,1,4294967295,0,0
RenSpikeUp,224,224,0019305A,0,1,1,4294967295,0,0
RenSpikeUp,288,64,000496DC,0,1,1,4294967295,0,0
RenSpikeUp,320,544,002CC035,0,1,1,4294967295,0,0
RenSpikeUp,288,544,001FC201,0,1,1,4294967295,0,0
RenSpikeUp,256,544,00284A14,0,1,1,4294967295,0,0
RenSpikeUp,352,544,00347EB9,0,1,1,4294967295,0,0
RenSpikeUp,352,224,002209BD,0,1,1,4294967295,0,0
RenSpikeUp,128,32,00104FD5,0,1,1,4294967295,0,0
RenSpikeUp,64,224,00026502,0,1,1,4294967295,0,0
RenSpikeUp,352,96,0024F4E8,0,1,1,4294967295,0,0
RenSpikeUp,672,352,002F9E24,0,1,1,4294967295,0,0
RenSpikeUp,736,32,000CB461,0,1,1,4294967295,0,0
RenSpikeUp,736,256,002F3190,0,1,1,4294967295,0,0
RenSpikeUp,608,96,001E6222,0,1,1,4294967295,0,0
RenSpikeUp,480,544,001A2668,0,1,1,4294967295,0,0
WarpToHubPoint,384,128,003B7F43,0,1,1,4294967295,0,0
WarpToHubPoint,448,320,00353E45,0,1,1,4294967295,0,0
WarpToHubPoint,608,544,001BA464,0,1,1,4294967295,0,0
RenSpikeUp,224,544,0033D180,0,1,1,4294967295,0,0
RenSave,64,544,002C47C4,0,1,1,4294967295,0,0
RenSpikeDown,192,480,002D3C97,0,1,1,4294967295,0,0
RenSpikeDown,128,480,000CA01B,0,1,1,4294967295,0,0
RenSpikeDown,96,384,00006A51,0,1,1,4294967295,0,0
RenSpikeDown,32,384,003D9E64,0,1,1,4294967295,0,0
RenSpikeDown,160,352,00144E69,0,1,1,4294967295,0,0
RenSpikeDown,224,352,003CFB3D,0,1,1,4294967295,0,0
RenSpikeDown,224,256,0021FFE7,0,1,1,4294967295,0,0
RenSpikeDown,288,256,002CCCC1,0,1,1,4294967295,0,0
RenSpikeDown,96,192,000F794E,0,1,1,4294967295,0,0
RenSpikeDown,160,192,000EF9B4,0,1,1,4294967295,0,0
RenSpikeDown,224,96,003DC9AA,0,1,1,4294967295,0,0
RenSpikeDown,288,96,00252FFC,0,1,1,4294967295,0,0
RenSpikeDown,256,128,001443C4,0,1,1,4294967295,0,0
RenSpikeDown,256,288,001A39EB,0,1,1,4294967295,0,0
RenSpikeDown,192,384,00263155,0,1,1,4294967295,0,0
RenSpikeDown,128,224,001EB227,0,1,1,4294967295,0,0
RenSpikeDown,64,416,0034FA36,0,1,1,4294967295,0,0
RenSpikeDown,160,512,000B2C19,0,1,1,4294967295,0,0
RenSave,384,128,003387DC,0,1,1,4294967295,0,0
RenSpikeDown,640,256,000CDD80,0,1,1,4294967295,0,0
RenSpikeDown,448,32,00038833,0,1,1,4294967295,0,0
RenSpikeDown,544,32,001A1640,0,1,1,4294967295,0,0
RenSpikeDown,480,160,658BE4A0,0,1,1,4294967295,0,1
RenSpikeDown,672,544,0012F0ED,0,1,1,4294967295,0,0
RenSpikeRight,704,512,00372276,0,1,1,4294967295,0,0
RenSpikeLeft,640,512,0032A322,0,1,1,4294967295,0,0
RenSpikeDown,672,416,003A4DFB,0,1,1,4294967295,0,0
RenSpikeRight,672,32,000FE132,0,1,1,4294967295,0,0
RenSpikeRight,672,128,000B9DF7,0,1,1,4294967295,0,0
RenSave,448,320,000A8AE0,0,1,1,4294967295,0,0
RenSpikeLeft,544,288,002B00F3,0,1,1,4294967295,0,0
RenSpikeLeft,320,256,000B71AC,0,1,1,4294967295,0,0
RenSpikeDown,352,288,00317E4D,0,1,1,4294967295,0,0
RenSpikeDown,128,96,00328855,0,1,1,4294967295,0,0
RenSpikeLeft,96,64,002BFA21,0,1,1,4294967295,0,0
RenSpikeRight,160,64,003F4892,0,1,1,4294967295,0,0
RenSpikeLeft,32,256,000782CF,0,1,1,4294967295,0,0
RenSpikeRight,96,256,0036C557,0,1,1,4294967295,0,0
RenSpikeDown,64,288,000C6A0F,0,1,1,4294967295,0,0
RenSpikeLeft,384,352,001828C1,0,1,1,4294967295,0,0
RenSpikeRight,704,384,0008B236,0,1,1,4294967295,0,0
RenSpikeLeft,640,384,0010513B,0,1,1,4294967295,0,0
RenSpikeDown,416,384,94E5F42E,0,1,1,4294967295,0,1
RenSpikeDown,384,32,000662BE,0,1,1,4294967295,0,0
RenSpikeDown,576,320,0022567B,0,1,1,4294967295,0,0
RenSpikeRight,608,288,0010A4C9,0,1,1,4294967295,0,0
RenSpikeRight,672,224,0039E278,0,1,1,4294967295,0,0
RenSpikeLeft,704,192,000C9783,0,1,1,4294967295,0,0
RenSpikeLeft,704,64,000AF934,0,1,1,4294967295,0,0
RenSpikeDown,736,96,001538A9,0,1,1,4294967295,0,0
RenSpikeDown,736,224,00207EC3,0,1,1,4294967295,0,0
RenSpikeDown,736,320,00014B4D,0,1,1,4294967295,0,0
RenSpikeLeft,704,288,001BD05B,0,1,1,4294967295,0,0
RenSpikeRight,576,352,00234873,0,1,1,4294967295,0,0
RenSpikeDown,400,192,FB361EA2,0,1,1,4294967295,0,1
Item7,304,304,001A55F2,0,1,1,4294967295,0,0
RenSpikeDown,576,32,000981C1,0,1,1,4294967295,0,0
CarStart,720,544,001B7BCE,0,1,1,4294967295,0,0
RenSave,608,544,0002C29B,0,1,1,4294967295,0,0
MusicPlayer,64,64,0022F7CC,0,1,1,4294967295,0,0
PlayerStart,32,544,0003B12B,0,1,1,4294967295,0,0
MirrorBlocks,64,32,000A15D3,0,1,1,4294967295,0,0
