GrayFade,96,0,,0,1,1,4294967295,0
Block,32,1184,,0,1,1,4294967295,0
Block,64,1184,,0,1,1,4294967295,0
Block,96,1184,,0,1,1,4294967295,0
Block,128,1184,,0,1,1,4294967295,0
Block,192,1184,,0,1,1,4294967295,0
Block,224,1184,,0,1,1,4294967295,0
Block,256,1184,,0,1,1,4294967295,0
Block,288,1184,,0,1,1,4294967295,0
Block,320,1184,,0,1,1,4294967295,0
Block,352,1184,,0,1,1,4294967295,0
Block,384,1184,,0,1,1,4294967295,0
Block,416,1184,,0,1,1,4294967295,0
Block,448,1184,,0,1,1,4294967295,0
Block,480,1184,,0,1,1,4294967295,0
Block,544,1184,,0,1,1,4294967295,0
Block,576,1184,,0,1,1,4294967295,0
Block,608,1184,,0,1,1,4294967295,0
Block,672,1184,,0,1,1,4294967295,0
Block,704,1184,,0,1,1,4294967295,0
Block,1184,1184,,0,1,1,4294967295,0
Block,1248,1184,,0,1,1,4294967295,0
Block,1280,1184,,0,1,1,4294967295,0
Block,1312,1184,,0,1,1,4294967295,0
Block,1472,1184,,0,1,1,4294967295,0
Block,1728,1184,,0,1,1,4294967295,0
Block,1952,1184,,0,1,1,4294967295,0
Block,2112,1152,,0,1,1,4294967295,0
Block,2144,1184,,0,1,1,4294967295,0
Block,2336,1184,,0,1,1,4294967295,0
Block,2304,1152,,0,1,1,4294967295,0
Block,-32,960,,0,1,1,4294967295,0
Block,-32,928,,0,1,1,4294967295,0
Block,-32,896,,0,1,1,4294967295,0
Block,-32,864,,0,1,1,4294967295,0
Block,-32,832,,0,1,1,4294967295,0
Block,-32,800,,0,1,1,4294967295,0
Block,-32,768,,0,1,1,4294967295,0
Block,-32,736,,0,1,1,4294967295,0
Block,2272,1120,,0,1,1,4294967295,0
Block,2240,1120,,0,1,1,4294967295,0
Block,2176,1152,,0,1,1,4294967295,0
Block,0,1152,,0,1,1,4294967295,0
Block,0,1120,,0,1,1,4294967295,0
Block,0,1088,,0,1,1,4294967295,0
Block,0,1056,,0,1,1,4294967295,0
Block,0,1024,,0,1,1,4294967295,0
Block,512,1152,,0,1,1,4294967295,0
Block,736,1152,,0,1,1,4294967295,0
Block,768,1120,,0,1,1,4294967295,0
Block,800,1120,,0,1,1,4294967295,0
Block,832,1152,,0,1,1,4294967295,0
Block,864,1088,,0,1,1,4294967295,0
Block,864,1120,,0,1,1,4294967295,0
Block,896,1152,,0,1,1,4294967295,0
Block,1120,1152,,0,1,1,4294967295,0
Block,1216,1152,,0,1,1,4294967295,0
Block,1344,1152,,0,1,1,4294967295,0
Block,1504,1152,,0,1,1,4294967295,0
Block,1600,1152,,0,1,1,4294967295,0
Block,1696,1152,,0,1,1,4294967295,0
Block,1632,1152,,0,1,1,4294967295,0
Block,1344,1120,,0,1,1,4294967295,0
Block,1152,1120,,0,1,1,4294967295,0
Block,928,1120,,0,1,1,4294967295,0
Block,1216,1120,,0,1,1,4294967295,0
Block,1376,1120,,0,1,1,4294967295,0
Block,1568,1088,,0,1,1,4294967295,0
Block,992,1088,,0,1,1,4294967295,0
Block,1024,1088,,0,1,1,4294967295,0
Block,1056,1088,,0,1,1,4294967295,0
Block,1152,1088,,0,1,1,4294967295,0
Block,1280,1088,,0,1,1,4294967295,0
Block,1472,1088,,0,1,1,4294967295,0
Block,1696,1088,,0,1,1,4294967295,0
Block,2208,1120,,0,1,1,4294967295,0
Block,1760,1152,,0,1,1,4294967295,0
Block,1824,1024,,0,1,1,4294967295,0
Block,1792,1120,,0,1,1,4294967295,0
Block,1696,1120,,0,1,1,4294967295,0
Block,1568,1120,,0,1,1,4294967295,0
Block,1536,1120,,0,1,1,4294967295,0
Block,640,1152,,0,1,1,4294967295,0
Block,160,1152,,0,1,1,4294967295,0
Block,0,992,,0,1,1,4294967295,0
Block,960,1120,,0,1,1,4294967295,0
Block,1664,1152,,0,1,1,4294967295,0
Block,1440,1152,,0,1,1,4294967295,0
Block,1920,1152,,0,1,1,4294967295,0
Block,1408,1088,,0,1,1,4294967295,0
Block,2368,1152,,0,1,1,4294967295,0
Block,2368,1120,,0,1,1,4294967295,0
Block,2368,1088,,0,1,1,4294967295,0
Block,2368,1056,,0,1,1,4294967295,0
Block,2368,1024,,0,1,1,4294967295,0
Block,2368,992,,0,1,1,4294967295,0
Block,2368,960,,0,1,1,4294967295,0
Block,2368,928,,0,1,1,4294967295,0
Block,2368,864,,0,1,1,4294967295,0
Block,2112,608,,0,1,1,4294967295,0
Block,2048,608,,0,1,1,4294967295,0
Block,2176,640,,0,1,1,4294967295,0
Block,2112,640,,0,1,1,4294967295,0
Block,2080,672,,0,1,1,4294967295,0
Block,2016,640,,0,1,1,4294967295,0
Block,1824,640,,0,1,1,4294967295,0
Block,1760,640,,0,1,1,4294967295,0
Block,2176,672,,0,1,1,4294967295,0
Block,2112,672,,0,1,1,4294967295,0
Block,2016,672,,0,1,1,4294967295,0
Block,1952,640,,0,1,1,4294967295,0
Block,1888,640,,0,1,1,4294967295,0
Block,1856,640,,0,1,1,4294967295,0
Block,2208,704,,0,1,1,4294967295,0
Block,2272,736,,0,1,1,4294967295,0
Block,2336,832,,0,1,1,4294967295,0
Block,2304,800,,0,1,1,4294967295,0
Block,2368,896,,0,1,1,4294967295,0
Block,-32,704,,0,1,1,4294967295,0
Block,-32,672,,0,1,1,4294967295,0
Block,-32,640,,0,1,1,4294967295,0
Block,-32,608,,0,1,1,4294967295,0
Block,-32,576,,0,1,1,4294967295,0
Block,-32,544,,0,1,1,4294967295,0
Block,-32,512,,0,1,1,4294967295,0
Block,-32,480,,0,1,1,4294967295,0
Block,-32,448,,0,1,1,4294967295,0
Block,1184,32,,0,1,1,4294967295,0
Block,1184,64,,0,1,1,4294967295,0
Block,1312,96,,0,1,1,4294967295,0
Block,1248,160,,0,1,1,4294967295,0
Block,1280,128,,0,1,1,4294967295,0
Block,1312,160,,0,1,1,4294967295,0
Block,1376,160,,0,1,1,4294967295,0
Block,1376,224,,0,1,1,4294967295,0
Block,1408,224,,0,1,1,4294967295,0
Block,1440,224,,0,1,1,4294967295,0
Block,1472,192,,0,1,1,4294967295,0
Block,1472,224,,0,1,1,4294967295,0
Block,1504,256,,0,1,1,4294967295,0
Block,1536,256,,0,1,1,4294967295,0
Block,1568,224,,0,1,1,4294967295,0
Block,1536,192,,0,1,1,4294967295,0
Block,1536,160,,0,1,1,4294967295,0
Block,1568,192,,0,1,1,4294967295,0
Block,1600,192,,0,1,1,4294967295,0
Block,1632,224,,0,1,1,4294967295,0
Block,1664,256,,0,1,1,4294967295,0
Block,1696,224,,0,1,1,4294967295,0
Block,1728,224,,0,1,1,4294967295,0
Block,1760,256,,0,1,1,4294967295,0
Block,1792,256,,0,1,1,4294967295,0
Block,1824,256,,0,1,1,4294967295,0
Block,1856,224,,0,1,1,4294967295,0
Block,1824,192,,0,1,1,4294967295,0
Block,1952,256,,0,1,1,4294967295,0
Block,2144,256,,0,1,1,4294967295,0
Block,2208,288,,0,1,1,4294967295,0
Block,1664,288,,0,1,1,4294967295,0
Block,1632,288,,0,1,1,4294967295,0
Block,1600,320,,0,1,1,4294967295,0
Block,1568,352,,0,1,1,4294967295,0
Block,1536,384,,0,1,1,4294967295,0
Block,1568,416,,0,1,1,4294967295,0
Block,1600,448,,0,1,1,4294967295,0
Block,1632,480,,0,1,1,4294967295,0
Block,1664,448,,0,1,1,4294967295,0
Block,1696,448,,0,1,1,4294967295,0
Block,1728,480,,0,1,1,4294967295,0
Block,1760,448,,0,1,1,4294967295,0
Block,1760,416,,0,1,1,4294967295,0
Block,1760,384,,0,1,1,4294967295,0
Block,1696,384,,0,1,1,4294967295,0
Block,1792,320,,0,1,1,4294967295,0
Block,1792,352,,0,1,1,4294967295,0
Block,1824,352,,0,1,1,4294967295,0
Block,1856,320,,0,1,1,4294967295,0
Block,1856,384,,0,1,1,4294967295,0
Block,1856,416,,0,1,1,4294967295,0
Block,1824,448,,0,1,1,4294967295,0
Block,1856,480,,0,1,1,4294967295,0
Block,1888,512,,0,1,1,4294967295,0
Block,1920,512,,0,1,1,4294967295,0
Block,1888,544,,0,1,1,4294967295,0
Block,1920,576,,0,1,1,4294967295,0
Block,1952,608,,0,1,1,4294967295,0
Block,1984,576,,0,1,1,4294967295,0
Block,1984,544,,0,1,1,4294967295,0
Block,1984,512,,0,1,1,4294967295,0
Block,2016,480,,0,1,1,4294967295,0
Block,2048,448,,0,1,1,4294967295,0
Block,2016,416,,0,1,1,4294967295,0
Block,1984,384,,0,1,1,4294967295,0
Block,1952,384,,0,1,1,4294967295,0
Block,1920,416,,0,1,1,4294967295,0
Block,2016,352,,0,1,1,4294967295,0
Block,2048,352,,0,1,1,4294967295,0
Block,2080,384,,0,1,1,4294967295,0
Block,2112,384,,0,1,1,4294967295,0
Block,2048,416,,0,1,1,4294967295,0
Block,2080,448,,0,1,1,4294967295,0
Block,2112,448,,0,1,1,4294967295,0
Block,2112,480,,0,1,1,4294967295,0
Block,2112,512,,0,1,1,4294967295,0
Block,2080,544,,0,1,1,4294967295,0
Block,2080,576,,0,1,1,4294967295,0
Block,2176,544,,0,1,1,4294967295,0
Block,2176,512,,0,1,1,4294967295,0
Block,2208,544,,0,1,1,4294967295,0
Block,2240,544,,0,1,1,4294967295,0
Block,2272,576,,0,1,1,4294967295,0
Block,2304,544,,0,1,1,4294967295,0
Block,2304,576,,0,1,1,4294967295,0
Block,2336,608,,0,1,1,4294967295,0
Block,2368,576,,0,1,1,4294967295,0
Block,2304,480,,0,1,1,4294967295,0
Block,2304,448,,0,1,1,4294967295,0
Block,2336,448,,0,1,1,4294967295,0
Block,2240,448,,0,1,1,4294967295,0
Block,2208,416,,0,1,1,4294967295,0
Block,2400,544,,0,1,1,4294967295,0
Block,2400,512,,0,1,1,4294967295,0
Block,2400,480,,0,1,1,4294967295,0
Block,2400,448,,0,1,1,4294967295,0
Block,2400,416,,0,1,1,4294967295,0
Block,2400,384,,0,1,1,4294967295,0
Block,2400,352,,0,1,1,4294967295,0
Block,2400,320,,0,1,1,4294967295,0
Block,2400,288,,0,1,1,4294967295,0
Block,2400,256,,0,1,1,4294967295,0
Block,2400,224,,0,1,1,4294967295,0
Block,2400,192,,0,1,1,4294967295,0
Block,2400,160,,0,1,1,4294967295,0
Block,2400,128,,0,1,1,4294967295,0
Block,2176,576,,0,1,1,4294967295,0
Block,2176,608,,0,1,1,4294967295,0
Block,1920,1120,,0,1,1,4294967295,0
Block,1408,1120,,0,1,1,4294967295,0
Block,1152,1152,,0,1,1,4294967295,0
Block,1088,1120,,0,1,1,4294967295,0
Block,1920,1024,,0,1,1,4294967295,0
Block,1920,992,,0,1,1,4294967295,0
Block,1920,928,,0,1,1,4294967295,0
Block,1920,896,,0,1,1,4294967295,0
Block,1920,864,,0,1,1,4294967295,0
Block,1920,832,,0,1,1,4294967295,0
Block,1952,832,,0,1,1,4294967295,0
Block,1984,832,,0,1,1,4294967295,0
Block,2048,832,,0,1,1,4294967295,0
Block,2080,832,,0,1,1,4294967295,0
Block,2144,832,,0,1,1,4294967295,0
Block,2176,832,,0,1,1,4294967295,0
Block,2208,832,,0,1,1,4294967295,0
Block,2304,832,,0,1,1,4294967295,0
Block,1856,960,,0,1,1,4294967295,0
Block,1984,1152,,0,1,1,4294967295,0
Block,2016,1152,,0,1,1,4294967295,0
Block,2048,1152,,0,1,1,4294967295,0
Block,1216,128,,0,1,1,4294967295,0
Block,1152,96,,0,1,1,4294967295,0
Block,1184,128,,0,1,1,4294967295,0
Block,1216,0,,0,1,1,4294967295,0
Block,1248,32,,0,1,1,4294967295,0
Block,1280,0,,0,1,1,4294967295,0
Block,1344,224,,0,1,1,4294967295,0
Block,1312,192,,0,1,1,4294967295,0
Block,1824,1120,,0,1,1,4294967295,0
Block,1888,736,,0,1,1,4294967295,0
Block,1856,1120,,0,1,1,4294967295,0
Block,2240,832,,0,1,1,4294967295,0
Block,1888,1088,,0,1,1,4294967295,0
Block,2080,1152,,0,1,1,4294967295,0
Block,1920,1088,,0,1,1,4294967295,0
Block,2112,896,,0,1,1,4294967295,0
Block,2176,704,,0,1,1,4294967295,0
Block,1920,672,,0,1,1,4294967295,0
Block,2240,704,,0,1,1,4294967295,0
Block,1792,672,,0,1,1,4294967295,0
Block,2272,768,,0,1,1,4294967295,0
Block,2272,864,,0,1,1,4294967295,0
Block,2016,704,,0,1,1,4294967295,0
Block,2144,736,,0,1,1,4294967295,0
Block,1984,1056,,0,1,1,4294967295,0
Block,1984,672,,0,1,1,4294967295,0
Block,1984,736,,0,1,1,4294967295,0
Block,2048,768,,0,1,1,4294967295,0
Block,2208,768,,0,1,1,4294967295,0
Block,2272,832,,0,1,1,4294967295,0
Block,1728,1088,,0,1,1,4294967295,0
Block,1312,0,,0,1,1,4294967295,0
Block,1344,32,,0,1,1,4294967295,0
Block,1376,32,,0,1,1,4294967295,0
Block,1408,0,,0,1,1,4294967295,0
Block,1248,96,,0,1,1,4294967295,0
Camera,32,0,84CCD35A,0,1,1,4294967295,0
MusicPlayer,64,0,,0,1,1,4294967295,0
RenClownHeart,2240,1088,,0,1,1,4294967295,0
Item6,1696,352,,0,1,1,4294967295,0
NiseBlock,1728,672,,0,1,1,4294967295,0
NiseBlock,1728,736,,0,1,1,4294967295,0
NiseBlock,1728,704,,0,1,1,4294967295,0
NiseBlock,1728,768,,0,1,1,4294967295,0
NiseBlock,1728,800,,0,1,1,4294967295,0
NiseBlock,1728,832,,0,1,1,4294967295,0
NiseBlock,1728,864,,0,1,1,4294967295,0
NiseBlock,1728,896,,0,1,1,4294967295,0
NiseBlock,1728,928,,0,1,1,4294967295,0
NiseBlock,1728,992,,0,1,1,4294967295,0
NiseBlock,1728,1024,,0,1,1,4294967295,0
NiseBlock,1728,1056,,0,1,1,4294967295,0
NiseBlock,1728,960,,0,1,1,4294967295,0
HeartArmyClown,1536,896,,0,1,1,4294967295,0
HeartArmyClown,1536,928,,0,1,1,4294967295,0
HeartArmyClown,1536,960,,0,1,1,4294967295,0
HeartArmyClown,1536,992,,0,1,1,4294967295,0
HeartArmyClown,1536,1024,,0,1,1,4294967295,0
HeartArmyClown,1536,1056,,0,1,1,4294967295,0
HeartArmyClown,1536,864,,0,1,1,4294967295,0
HeartArmyClown,1536,832,,0,1,1,4294967295,0
HeartArmyClown,1536,800,,0,1,1,4294967295,0
HeartArmyClown,1536,768,,0,1,1,4294967295,0
HeartArmyClown,1536,736,,0,1,1,4294967295,0
HeartArmyClown,1536,704,,0,1,1,4294967295,0
HeartArmyClown,1536,672,,0,1,1,4294967295,0
Rervnberb,128,0,,0,1,1,4294967295,0
PlayerStart,384,512,,0,1,1,4294967295,0
