ClownBg,32,32,003C4CFD,0,1,1,4294967295,0,0
Block,0,0,003C49DF,0,1,1,4294967295,0,0
Block,0,32,000816FF,0,1,1,4294967295,0,0
Block,0,64,001ED9BB,0,1,1,4294967295,0,0
Block,0,96,000A72EC,0,1,1,4294967295,0,0
Block,0,128,0030A5AD,0,1,1,4294967295,0,0
Block,0,160,001BA43C,0,1,1,4294967295,0,0
Block,0,192,0002E810,0,1,1,4294967295,0,0
Block,0,224,001FA781,0,1,1,4294967295,0,0
Block,0,256,0039DA22,0,1,1,4294967295,0,0
Block,0,288,003F510D,0,1,1,4294967295,0,0
Block,0,320,0016D5D2,0,1,1,4294967295,0,0
Block,0,352,00234006,0,1,1,4294967295,0,0
Block,0,384,0011C1EF,0,1,1,4294967295,0,0
Block,0,416,003FD64A,0,1,1,4294967295,0,0
Block,0,448,00001F31,0,1,1,4294967295,0,0
Block,0,480,00105BE9,0,1,1,4294967295,0,0
Block,0,512,0004C52D,0,1,1,4294967295,0,0
Block,0,544,000BC180,0,1,1,4294967295,0,0
Block,0,576,00173535,0,1,1,4294967295,0,0
Block,32,576,002E911D,0,1,1,4294967295,0,0
Block,64,576,000E5577,0,1,1,4294967295,0,0
Block,96,576,0014A7BD,0,1,1,4294967295,0,0
Block,128,576,000C1A08,0,1,1,4294967295,0,0
Block,160,576,001EFBEA,0,1,1,4294967295,0,0
Block,192,576,001A0C04,0,1,1,4294967295,0,0
Block,224,576,001B2B0D,0,1,1,4294967295,0,0
Block,256,576,0011BDD0,0,1,1,4294967295,0,0
Block,288,576,00199B1A,0,1,1,4294967295,0,0
Block,320,576,003F1AB8,0,1,1,4294967295,0,0
Block,352,576,00241201,0,1,1,4294967295,0,0
Block,384,576,002BC9C7,0,1,1,4294967295,0,0
Block,416,576,000E676C,0,1,1,4294967295,0,0
Block,448,576,00044DCC,0,1,1,4294967295,0,0
Block,480,576,002099B9,0,1,1,4294967295,0,0
Block,512,576,000A89B3,0,1,1,4294967295,0,0
Block,544,576,00028587,0,1,1,4294967295,0,0
Block,576,576,00142E6A,0,1,1,4294967295,0,0
Block,608,576,0022A7A5,0,1,1,4294967295,0,0
Block,640,576,00107BB1,0,1,1,4294967295,0,0
Block,672,576,002910CC,0,1,1,4294967295,0,0
Block,704,576,003370D4,0,1,1,4294967295,0,0
Block,736,576,003D4F87,0,1,1,4294967295,0,0
Block,768,576,002E011B,0,1,1,4294967295,0,0
Block,768,544,00359AD5,0,1,1,4294967295,0,0
Block,768,512,000C5B94,0,1,1,4294967295,0,0
Block,768,480,00049211,0,1,1,4294967295,0,0
Block,768,448,003610BA,0,1,1,4294967295,0,0
Block,768,416,003618A2,0,1,1,4294967295,0,0
Block,768,384,002EE801,0,1,1,4294967295,0,0
Block,768,352,002442FE,0,1,1,4294967295,0,0
Block,768,320,002827B0,0,1,1,4294967295,0,0
Block,768,288,00402BC5,0,1,1,4294967295,0,0
Block,768,256,00062259,0,1,1,4294967295,0,0
Block,768,224,000242A1,0,1,1,4294967295,0,0
Block,768,192,00108EE2,0,1,1,4294967295,0,0
Block,768,160,0023349F,0,1,1,4294967295,0,0
Block,768,128,001E7938,0,1,1,4294967295,0,0
Block,768,96,0032B5F2,0,1,1,4294967295,0,0
Block,768,64,002EA3F3,0,1,1,4294967295,0,0
Block,768,32,00353F77,0,1,1,4294967295,0,0
Block,768,0,001E6C3E,0,1,1,4294967295,0,0
Block,736,0,003FD583,0,1,1,4294967295,0,0
Block,704,0,00269663,0,1,1,4294967295,0,0
Block,672,0,0011535A,0,1,1,4294967295,0,0
Block,640,0,001C9D91,0,1,1,4294967295,0,0
Block,608,0,0004E593,0,1,1,4294967295,0,0
Block,576,0,000D43BF,0,1,1,4294967295,0,0
Block,544,0,0024AB30,0,1,1,4294967295,0,0
Block,512,0,001D8E31,0,1,1,4294967295,0,0
Block,480,0,002BDF1C,0,1,1,4294967295,0,0
Block,448,0,0035D3C8,0,1,1,4294967295,0,0
Block,416,0,000BDFA7,0,1,1,4294967295,0,0
Block,384,0,00328FD1,0,1,1,4294967295,0,0
Block,352,0,001AA025,0,1,1,4294967295,0,0
Block,320,0,00036937,0,1,1,4294967295,0,0
Block,288,0,0019316B,0,1,1,4294967295,0,0
Block,256,0,00085867,0,1,1,4294967295,0,0
Block,224,0,0017466A,0,1,1,4294967295,0,0
Block,192,0,0020525F,0,1,1,4294967295,0,0
Block,160,0,001EF3E1,0,1,1,4294967295,0,0
Block,128,0,0005E1DD,0,1,1,4294967295,0,0
Block,96,0,0026F450,0,1,1,4294967295,0,0
Block,64,0,001AF0AA,0,1,1,4294967295,0,0
Block,32,0,0003726C,0,1,1,4294967295,0,0
Block,-32,-32,002ECD93,0,1,1,4294967295,0,0
Block,-32,0,000E3A29,0,1,1,4294967295,0,0
Block,-32,32,00134322,0,1,1,4294967295,0,0
Block,-32,64,00266496,0,1,1,4294967295,0,0
Block,-32,96,0022C276,0,1,1,4294967295,0,0
Block,-32,128,0006D62F,0,1,1,4294967295,0,0
Block,-32,160,0029BCF5,0,1,1,4294967295,0,0
Block,-32,192,000BCAB7,0,1,1,4294967295,0,0
Block,-32,224,0019F136,0,1,1,4294967295,0,0
Block,-32,256,001D0D60,0,1,1,4294967295,0,0
Block,-32,288,003D7398,0,1,1,4294967295,0,0
Block,-32,320,0014A7A9,0,1,1,4294967295,0,0
Block,-32,352,00246CBD,0,1,1,4294967295,0,0
Block,-32,384,00305504,0,1,1,4294967295,0,0
Block,-32,416,0024576E,0,1,1,4294967295,0,0
Block,-32,448,00117F2E,0,1,1,4294967295,0,0
Block,-32,480,003704D7,0,1,1,4294967295,0,0
Block,-32,512,00124DA3,0,1,1,4294967295,0,0
Block,-32,544,002438D9,0,1,1,4294967295,0,0
Block,-32,576,0018E866,0,1,1,4294967295,0,0
Block,-32,608,001E2D1E,0,1,1,4294967295,0,0
Block,0,608,00176CBD,0,1,1,4294967295,0,0
Block,32,608,0011E23A,0,1,1,4294967295,0,0
Block,64,608,002A3624,0,1,1,4294967295,0,0
Block,96,608,00337EF6,0,1,1,4294967295,0,0
Block,128,608,0031A7F2,0,1,1,4294967295,0,0
Block,160,608,00048BF0,0,1,1,4294967295,0,0
Block,192,608,0015F473,0,1,1,4294967295,0,0
Block,224,608,0020EEFD,0,1,1,4294967295,0,0
Block,256,608,003A4653,0,1,1,4294967295,0,0
Block,288,608,00104915,0,1,1,4294967295,0,0
Block,320,608,0005C4E2,0,1,1,4294967295,0,0
Block,352,608,0028F27D,0,1,1,4294967295,0,0
Block,384,608,003354C8,0,1,1,4294967295,0,0
Block,416,608,000A4A2E,0,1,1,4294967295,0,0
Block,448,608,0038B5E7,0,1,1,4294967295,0,0
Block,480,608,0030E833,0,1,1,4294967295,0,0
Block,512,608,0018984D,0,1,1,4294967295,0,0
Block,544,608,001E2650,0,1,1,4294967295,0,0
Block,576,608,0008353B,0,1,1,4294967295,0,0
Block,608,608,0020D16D,0,1,1,4294967295,0,0
Block,640,608,0021C670,0,1,1,4294967295,0,0
Block,672,608,001E6FAD,0,1,1,4294967295,0,0
Block,704,608,00003BFF,0,1,1,4294967295,0,0
Block,736,608,00090906,0,1,1,4294967295,0,0
Block,768,608,00294831,0,1,1,4294967295,0,0
Block,800,608,000B5E17,0,1,1,4294967295,0,0
Block,800,576,002B4913,0,1,1,4294967295,0,0
Block,800,544,002962E4,0,1,1,4294967295,0,0
Block,800,512,00133396,0,1,1,4294967295,0,0
Block,800,480,00138374,0,1,1,4294967295,0,0
Block,800,448,001E9919,0,1,1,4294967295,0,0
Block,800,416,000DBACF,0,1,1,4294967295,0,0
Block,800,384,00101C08,0,1,1,4294967295,0,0
Block,800,352,00299D43,0,1,1,4294967295,0,0
Block,800,320,0021469F,0,1,1,4294967295,0,0
Block,800,288,003F1F04,0,1,1,4294967295,0,0
Block,800,256,003CF7A5,0,1,1,4294967295,0,0
Block,800,224,003DD00C,0,1,1,4294967295,0,0
Block,800,192,0003C2F0,0,1,1,4294967295,0,0
Block,800,160,0017EE51,0,1,1,4294967295,0,0
Block,800,128,0026164B,0,1,1,4294967295,0,0
Block,800,96,002C02E0,0,1,1,4294967295,0,0
Block,800,64,003D9EA0,0,1,1,4294967295,0,0
Block,800,32,001D12BC,0,1,1,4294967295,0,0
Block,800,0,00241FF6,0,1,1,4294967295,0,0
Block,800,-32,002E2B64,0,1,1,4294967295,0,0
Block,768,-32,00083F21,0,1,1,4294967295,0,0
Block,736,-32,0006F4C7,0,1,1,4294967295,0,0
Block,704,-32,00070E6F,0,1,1,4294967295,0,0
Block,672,-32,003F8714,0,1,1,4294967295,0,0
Block,640,-32,00315D5A,0,1,1,4294967295,0,0
Block,608,-32,0010C1E4,0,1,1,4294967295,0,0
Block,576,-32,0035E220,0,1,1,4294967295,0,0
Block,544,-32,002E8590,0,1,1,4294967295,0,0
Block,512,-32,000431A4,0,1,1,4294967295,0,0
Block,480,-32,00001106,0,1,1,4294967295,0,0
Block,448,-32,0036E4F9,0,1,1,4294967295,0,0
Block,416,-32,001ABA12,0,1,1,4294967295,0,0
Block,384,-32,000B528C,0,1,1,4294967295,0,0
Block,352,-32,000E441D,0,1,1,4294967295,0,0
Block,320,-32,0007BA40,0,1,1,4294967295,0,0
Block,288,-32,0028337B,0,1,1,4294967295,0,0
Block,256,-32,002BCE05,0,1,1,4294967295,0,0
Block,224,-32,00180D44,0,1,1,4294967295,0,0
Block,192,-32,00224D4E,0,1,1,4294967295,0,0
Block,160,-32,000027B6,0,1,1,4294967295,0,0
Block,128,-32,003D05AC,0,1,1,4294967295,0,0
Block,96,-32,002F60FB,0,1,1,4294967295,0,0
Block,64,-32,001F66C1,0,1,1,4294967295,0,0
Block,32,-32,00135265,0,1,1,4294967295,0,0
Block,0,-32,001A36E2,0,1,1,4294967295,0,0
TouhouGun,80,48,00097A96,0,1,1,4294967295,0,0
PlayerStart,384,544,0030E999,0,1,1,4294967295,0,0
TouhouHitbox,112,48,00185466,0,1,1,4294967295,0,0
Clownpiece,400,160,001D8B56,0,1,1,4294967295,0,0
ClownpieceHud,128,32,00256D5C,0,1,1,4294967295,0,0
ClownDialog,432,112,003C4955,0,1,1,4294967295,0,0
KidDialog,96,272,003049A0,0,1,1,4294967295,0,0
ClownpieceDialogCtrl,400,464,00049C88,0,1,1,4294967295,0,0
