bgHistory1,200,64,0,0,400,304,0,1,1,4294967295
bgHistory2,1000,64,0,0,400,304,0,1,1,4294967295
bgHistory3,1800,64,0,0,400,304,0,1,1,4294967295
bgHistory4,2600,64,0,0,400,304,0,1,1,4294967295
bgSmallBlock,184,64,0,0,16,16,0,1,1,4294967295
bgSmallBlock,184,80,0,0,16,16,0,1,1,4294967295
bgSmallBlock,184,96,0,0,16,16,0,1,1,4294967295
bgSmallBlock,184,112,0,0,16,16,0,1,1,4294967295
bgSmallBlock,184,128,0,0,16,16,0,1,1,4294967295
bgSmallBlock,184,144,0,0,16,16,0,1,1,4294967295
bgSmallBlock,184,160,0,0,16,16,0,1,1,4294967295
bgSmallBlock,184,176,0,0,16,16,0,1,1,4294967295
bgSmallBlock,184,192,0,0,16,16,0,1,1,4294967295
bgSmallBlock,184,208,0,0,16,16,0,1,1,4294967295
bgSmallBlock,184,224,0,0,16,16,0,1,1,4294967295
bgSmallBlock,184,240,0,0,16,16,0,1,1,4294967295
bgSmallBlock,184,256,0,0,16,16,0,1,1,4294967295
bgSmallBlock,184,272,0,0,16,16,0,1,1,4294967295
bgSmallBlock,184,288,0,0,16,16,0,1,1,4294967295
bgSmallBlock,184,304,0,0,16,16,0,1,1,4294967295
bgSmallBlock,184,320,0,0,16,16,0,1,1,4294967295
bgSmallBlock,184,336,0,0,16,16,0,1,1,4294967295
bgSmallBlock,184,352,0,0,16,16,0,1,1,4294967295
bgSmallBlock,184,368,0,0,16,16,0,1,1,4294967295
bgSmallBlock,200,368,0,0,16,16,0,1,1,4294967295
bgSmallBlock,216,368,0,0,16,16,0,1,1,4294967295
bgSmallBlock,232,368,0,0,16,16,0,1,1,4294967295
bgSmallBlock,248,368,0,0,16,16,0,1,1,4294967295
bgSmallBlock,264,368,0,0,16,16,0,1,1,4294967295
bgSmallBlock,280,368,0,0,16,16,0,1,1,4294967295
bgSmallBlock,296,368,0,0,16,16,0,1,1,4294967295
bgSmallBlock,312,368,0,0,16,16,0,1,1,4294967295
bgSmallBlock,328,368,0,0,16,16,0,1,1,4294967295
bgSmallBlock,344,368,0,0,16,16,0,1,1,4294967295
bgSmallBlock,360,368,0,0,16,16,0,1,1,4294967295
bgSmallBlock,376,368,0,0,16,16,0,1,1,4294967295
bgSmallBlock,392,368,0,0,16,16,0,1,1,4294967295
bgSmallBlock,408,368,0,0,16,16,0,1,1,4294967295
bgSmallBlock,424,368,0,0,16,16,0,1,1,4294967295
bgSmallBlock,440,368,0,0,16,16,0,1,1,4294967295
bgSmallBlock,456,368,0,0,16,16,0,1,1,4294967295
bgSmallBlock,472,368,0,0,16,16,0,1,1,4294967295
bgSmallBlock,488,368,0,0,16,16,0,1,1,4294967295
bgSmallBlock,504,368,0,0,16,16,0,1,1,4294967295
bgSmallBlock,520,368,0,0,16,16,0,1,1,4294967295
bgSmallBlock,536,368,0,0,16,16,0,1,1,4294967295
bgSmallBlock,552,368,0,0,16,16,0,1,1,4294967295
bgSmallBlock,568,368,0,0,16,16,0,1,1,4294967295
bgSmallBlock,584,368,0,0,16,16,0,1,1,4294967295
bgSmallBlock,600,368,0,0,16,16,0,1,1,4294967295
bgSmallBlock,600,352,0,0,16,16,0,1,1,4294967295
bgSmallBlock,600,336,0,0,16,16,0,1,1,4294967295
bgSmallBlock,600,320,0,0,16,16,0,1,1,4294967295
bgSmallBlock,600,304,0,0,16,16,0,1,1,4294967295
bgSmallBlock,600,288,0,0,16,16,0,1,1,4294967295
bgSmallBlock,600,272,0,0,16,16,0,1,1,4294967295
bgSmallBlock,600,256,0,0,16,16,0,1,1,4294967295
bgSmallBlock,600,240,0,0,16,16,0,1,1,4294967295
bgSmallBlock,600,224,0,0,16,16,0,1,1,4294967295
bgSmallBlock,600,208,0,0,16,16,0,1,1,4294967295
bgSmallBlock,600,192,0,0,16,16,0,1,1,4294967295
bgSmallBlock,600,176,0,0,16,16,0,1,1,4294967295
bgSmallBlock,600,160,0,0,16,16,0,1,1,4294967295
bgSmallBlock,600,144,0,0,16,16,0,1,1,4294967295
bgSmallBlock,600,128,0,0,16,16,0,1,1,4294967295
bgSmallBlock,600,112,0,0,16,16,0,1,1,4294967295
bgSmallBlock,600,96,0,0,16,16,0,1,1,4294967295
bgSmallBlock,600,80,0,0,16,16,0,1,1,4294967295
bgSmallBlock,600,64,0,0,16,16,0,1,1,4294967295
bgSmallBlock,600,48,0,0,16,16,0,1,1,4294967295
bgSmallBlock,184,48,0,0,16,16,0,1,1,4294967295
bgSmallBlock,200,48,0,0,16,16,0,1,1,4294967295
bgSmallBlock,216,48,0,0,16,16,0,1,1,4294967295
bgSmallBlock,232,48,0,0,16,16,0,1,1,4294967295
bgSmallBlock,248,48,0,0,16,16,0,1,1,4294967295
bgSmallBlock,264,48,0,0,16,16,0,1,1,4294967295
bgSmallBlock,280,48,0,0,16,16,0,1,1,4294967295
bgSmallBlock,296,48,0,0,16,16,0,1,1,4294967295
bgSmallBlock,312,48,0,0,16,16,0,1,1,4294967295
bgSmallBlock,328,48,0,0,16,16,0,1,1,4294967295
bgSmallBlock,344,48,0,0,16,16,0,1,1,4294967295
bgSmallBlock,360,48,0,0,16,16,0,1,1,4294967295
bgSmallBlock,376,48,0,0,16,16,0,1,1,4294967295
bgSmallBlock,392,48,0,0,16,16,0,1,1,4294967295
bgSmallBlock,408,48,0,0,16,16,0,1,1,4294967295
bgSmallBlock,424,48,0,0,16,16,0,1,1,4294967295
bgSmallBlock,440,48,0,0,16,16,0,1,1,4294967295
bgSmallBlock,456,48,0,0,16,16,0,1,1,4294967295
bgSmallBlock,472,48,0,0,16,16,0,1,1,4294967295
bgSmallBlock,488,48,0,0,16,16,0,1,1,4294967295
bgSmallBlock,504,48,0,0,16,16,0,1,1,4294967295
bgSmallBlock,520,48,0,0,16,16,0,1,1,4294967295
bgSmallBlock,536,48,0,0,16,16,0,1,1,4294967295
bgSmallBlock,552,48,0,0,16,16,0,1,1,4294967295
bgSmallBlock,568,48,0,0,16,16,0,1,1,4294967295
bgSmallBlock,584,48,0,0,16,16,0,1,1,4294967295
bgSmallBlock,984,48,0,0,16,16,0,1,1,4294967295
bgSmallBlock,1000,48,0,0,16,16,0,1,1,4294967295
bgSmallBlock,1016,48,0,0,16,16,0,1,1,4294967295
bgSmallBlock,1032,48,0,0,16,16,0,1,1,4294967295
bgSmallBlock,1048,48,0,0,16,16,0,1,1,4294967295
bgSmallBlock,1064,48,0,0,16,16,0,1,1,4294967295
bgSmallBlock,1080,48,0,0,16,16,0,1,1,4294967295
bgSmallBlock,1096,48,0,0,16,16,0,1,1,4294967295
bgSmallBlock,1112,48,0,0,16,16,0,1,1,4294967295
bgSmallBlock,1128,48,0,0,16,16,0,1,1,4294967295
bgSmallBlock,1144,48,0,0,16,16,0,1,1,4294967295
bgSmallBlock,1160,48,0,0,16,16,0,1,1,4294967295
bgSmallBlock,1176,48,0,0,16,16,0,1,1,4294967295
bgSmallBlock,1192,48,0,0,16,16,0,1,1,4294967295
bgSmallBlock,1208,48,0,0,16,16,0,1,1,4294967295
bgSmallBlock,1224,48,0,0,16,16,0,1,1,4294967295
bgSmallBlock,1240,48,0,0,16,16,0,1,1,4294967295
bgSmallBlock,1256,48,0,0,16,16,0,1,1,4294967295
bgSmallBlock,1272,48,0,0,16,16,0,1,1,4294967295
bgSmallBlock,1288,48,0,0,16,16,0,1,1,4294967295
bgSmallBlock,1304,48,0,0,16,16,0,1,1,4294967295
bgSmallBlock,1320,48,0,0,16,16,0,1,1,4294967295
bgSmallBlock,1336,48,0,0,16,16,0,1,1,4294967295
bgSmallBlock,1352,48,0,0,16,16,0,1,1,4294967295
bgSmallBlock,1368,48,0,0,16,16,0,1,1,4294967295
bgSmallBlock,1384,48,0,0,16,16,0,1,1,4294967295
bgSmallBlock,1400,48,0,0,16,16,0,1,1,4294967295
bgSmallBlock,984,368,0,0,16,16,0,1,1,4294967295
bgSmallBlock,1000,368,0,0,16,16,0,1,1,4294967295
bgSmallBlock,1016,368,0,0,16,16,0,1,1,4294967295
bgSmallBlock,1032,368,0,0,16,16,0,1,1,4294967295
bgSmallBlock,1048,368,0,0,16,16,0,1,1,4294967295
bgSmallBlock,1064,368,0,0,16,16,0,1,1,4294967295
bgSmallBlock,1080,368,0,0,16,16,0,1,1,4294967295
bgSmallBlock,1096,368,0,0,16,16,0,1,1,4294967295
bgSmallBlock,1112,368,0,0,16,16,0,1,1,4294967295
bgSmallBlock,1128,368,0,0,16,16,0,1,1,4294967295
bgSmallBlock,1144,368,0,0,16,16,0,1,1,4294967295
bgSmallBlock,1160,368,0,0,16,16,0,1,1,4294967295
bgSmallBlock,1176,368,0,0,16,16,0,1,1,4294967295
bgSmallBlock,1192,368,0,0,16,16,0,1,1,4294967295
bgSmallBlock,1208,368,0,0,16,16,0,1,1,4294967295
bgSmallBlock,1224,368,0,0,16,16,0,1,1,4294967295
bgSmallBlock,1240,368,0,0,16,16,0,1,1,4294967295
bgSmallBlock,1256,368,0,0,16,16,0,1,1,4294967295
bgSmallBlock,1272,368,0,0,16,16,0,1,1,4294967295
bgSmallBlock,1288,368,0,0,16,16,0,1,1,4294967295
bgSmallBlock,1304,368,0,0,16,16,0,1,1,4294967295
bgSmallBlock,1320,368,0,0,16,16,0,1,1,4294967295
bgSmallBlock,1336,368,0,0,16,16,0,1,1,4294967295
bgSmallBlock,1352,368,0,0,16,16,0,1,1,4294967295
bgSmallBlock,1368,368,0,0,16,16,0,1,1,4294967295
bgSmallBlock,1384,368,0,0,16,16,0,1,1,4294967295
bgSmallBlock,1400,368,0,0,16,16,0,1,1,4294967295
bgSmallBlock,1784,368,0,0,16,16,0,1,1,4294967295
bgSmallBlock,1800,368,0,0,16,16,0,1,1,4294967295
bgSmallBlock,1816,368,0,0,16,16,0,1,1,4294967295
bgSmallBlock,1832,368,0,0,16,16,0,1,1,4294967295
bgSmallBlock,1848,368,0,0,16,16,0,1,1,4294967295
bgSmallBlock,1864,368,0,0,16,16,0,1,1,4294967295
bgSmallBlock,1880,368,0,0,16,16,0,1,1,4294967295
bgSmallBlock,1896,368,0,0,16,16,0,1,1,4294967295
bgSmallBlock,1912,368,0,0,16,16,0,1,1,4294967295
bgSmallBlock,1928,368,0,0,16,16,0,1,1,4294967295
bgSmallBlock,1944,368,0,0,16,16,0,1,1,4294967295
bgSmallBlock,1960,368,0,0,16,16,0,1,1,4294967295
bgSmallBlock,1976,368,0,0,16,16,0,1,1,4294967295
bgSmallBlock,1992,368,0,0,16,16,0,1,1,4294967295
bgSmallBlock,2008,368,0,0,16,16,0,1,1,4294967295
bgSmallBlock,2024,368,0,0,16,16,0,1,1,4294967295
bgSmallBlock,2040,368,0,0,16,16,0,1,1,4294967295
bgSmallBlock,2056,368,0,0,16,16,0,1,1,4294967295
bgSmallBlock,2072,368,0,0,16,16,0,1,1,4294967295
bgSmallBlock,2088,368,0,0,16,16,0,1,1,4294967295
bgSmallBlock,2104,368,0,0,16,16,0,1,1,4294967295
bgSmallBlock,2120,368,0,0,16,16,0,1,1,4294967295
bgSmallBlock,2136,368,0,0,16,16,0,1,1,4294967295
bgSmallBlock,2152,368,0,0,16,16,0,1,1,4294967295
bgSmallBlock,2168,368,0,0,16,16,0,1,1,4294967295
bgSmallBlock,2184,368,0,0,16,16,0,1,1,4294967295
bgSmallBlock,2200,368,0,0,16,16,0,1,1,4294967295
bgSmallBlock,1784,48,0,0,16,16,0,1,1,4294967295
bgSmallBlock,1800,48,0,0,16,16,0,1,1,4294967295
bgSmallBlock,1816,48,0,0,16,16,0,1,1,4294967295
bgSmallBlock,1832,48,0,0,16,16,0,1,1,4294967295
bgSmallBlock,1848,48,0,0,16,16,0,1,1,4294967295
bgSmallBlock,1864,48,0,0,16,16,0,1,1,4294967295
bgSmallBlock,1880,48,0,0,16,16,0,1,1,4294967295
bgSmallBlock,1896,48,0,0,16,16,0,1,1,4294967295
bgSmallBlock,1912,48,0,0,16,16,0,1,1,4294967295
bgSmallBlock,1928,48,0,0,16,16,0,1,1,4294967295
bgSmallBlock,1944,48,0,0,16,16,0,1,1,4294967295
bgSmallBlock,1960,48,0,0,16,16,0,1,1,4294967295
bgSmallBlock,1976,48,0,0,16,16,0,1,1,4294967295
bgSmallBlock,1992,48,0,0,16,16,0,1,1,4294967295
bgSmallBlock,2008,48,0,0,16,16,0,1,1,4294967295
bgSmallBlock,2024,48,0,0,16,16,0,1,1,4294967295
bgSmallBlock,2040,48,0,0,16,16,0,1,1,4294967295
bgSmallBlock,2056,48,0,0,16,16,0,1,1,4294967295
bgSmallBlock,2072,48,0,0,16,16,0,1,1,4294967295
bgSmallBlock,2088,48,0,0,16,16,0,1,1,4294967295
bgSmallBlock,2104,48,0,0,16,16,0,1,1,4294967295
bgSmallBlock,2120,48,0,0,16,16,0,1,1,4294967295
bgSmallBlock,2136,48,0,0,16,16,0,1,1,4294967295
bgSmallBlock,2152,48,0,0,16,16,0,1,1,4294967295
bgSmallBlock,2168,48,0,0,16,16,0,1,1,4294967295
bgSmallBlock,2184,48,0,0,16,16,0,1,1,4294967295
bgSmallBlock,2200,48,0,0,16,16,0,1,1,4294967295
bgSmallBlock,2584,48,0,0,16,16,0,1,1,4294967295
bgSmallBlock,2600,48,0,0,16,16,0,1,1,4294967295
bgSmallBlock,2616,48,0,0,16,16,0,1,1,4294967295
bgSmallBlock,2632,48,0,0,16,16,0,1,1,4294967295
bgSmallBlock,2648,48,0,0,16,16,0,1,1,4294967295
bgSmallBlock,2664,48,0,0,16,16,0,1,1,4294967295
bgSmallBlock,2680,48,0,0,16,16,0,1,1,4294967295
bgSmallBlock,2696,48,0,0,16,16,0,1,1,4294967295
bgSmallBlock,2712,48,0,0,16,16,0,1,1,4294967295
bgSmallBlock,2728,48,0,0,16,16,0,1,1,4294967295
bgSmallBlock,2744,48,0,0,16,16,0,1,1,4294967295
bgSmallBlock,2760,48,0,0,16,16,0,1,1,4294967295
bgSmallBlock,2776,48,0,0,16,16,0,1,1,4294967295
bgSmallBlock,2792,48,0,0,16,16,0,1,1,4294967295
bgSmallBlock,2808,48,0,0,16,16,0,1,1,4294967295
bgSmallBlock,2824,48,0,0,16,16,0,1,1,4294967295
bgSmallBlock,2840,48,0,0,16,16,0,1,1,4294967295
bgSmallBlock,2856,48,0,0,16,16,0,1,1,4294967295
bgSmallBlock,2872,48,0,0,16,16,0,1,1,4294967295
bgSmallBlock,2888,48,0,0,16,16,0,1,1,4294967295
bgSmallBlock,2904,48,0,0,16,16,0,1,1,4294967295
bgSmallBlock,2920,48,0,0,16,16,0,1,1,4294967295
bgSmallBlock,2936,48,0,0,16,16,0,1,1,4294967295
bgSmallBlock,2952,48,0,0,16,16,0,1,1,4294967295
bgSmallBlock,2968,48,0,0,16,16,0,1,1,4294967295
bgSmallBlock,2984,48,0,0,16,16,0,1,1,4294967295
bgSmallBlock,3000,48,0,0,16,16,0,1,1,4294967295
bgSmallBlock,2584,368,0,0,16,16,0,1,1,4294967295
bgSmallBlock,2600,368,0,0,16,16,0,1,1,4294967295
bgSmallBlock,2616,368,0,0,16,16,0,1,1,4294967295
bgSmallBlock,2632,368,0,0,16,16,0,1,1,4294967295
bgSmallBlock,2648,368,0,0,16,16,0,1,1,4294967295
bgSmallBlock,2664,368,0,0,16,16,0,1,1,4294967295
bgSmallBlock,2680,368,0,0,16,16,0,1,1,4294967295
bgSmallBlock,2696,368,0,0,16,16,0,1,1,4294967295
bgSmallBlock,2712,368,0,0,16,16,0,1,1,4294967295
bgSmallBlock,2728,368,0,0,16,16,0,1,1,4294967295
bgSmallBlock,2744,368,0,0,16,16,0,1,1,4294967295
bgSmallBlock,2760,368,0,0,16,16,0,1,1,4294967295
bgSmallBlock,2776,368,0,0,16,16,0,1,1,4294967295
bgSmallBlock,2792,368,0,0,16,16,0,1,1,4294967295
bgSmallBlock,2808,368,0,0,16,16,0,1,1,4294967295
bgSmallBlock,2824,368,0,0,16,16,0,1,1,4294967295
bgSmallBlock,2840,368,0,0,16,16,0,1,1,4294967295
bgSmallBlock,2856,368,0,0,16,16,0,1,1,4294967295
bgSmallBlock,2872,368,0,0,16,16,0,1,1,4294967295
bgSmallBlock,2888,368,0,0,16,16,0,1,1,4294967295
bgSmallBlock,2904,368,0,0,16,16,0,1,1,4294967295
bgSmallBlock,2920,368,0,0,16,16,0,1,1,4294967295
bgSmallBlock,2936,368,0,0,16,16,0,1,1,4294967295
bgSmallBlock,2952,368,0,0,16,16,0,1,1,4294967295
bgSmallBlock,2968,368,0,0,16,16,0,1,1,4294967295
bgSmallBlock,2984,368,0,0,16,16,0,1,1,4294967295
bgSmallBlock,3000,368,0,0,16,16,0,1,1,4294967295
bgSmallBlock,2584,352,0,0,16,16,0,1,1,4294967295
bgSmallBlock,2584,336,0,0,16,16,0,1,1,4294967295
bgSmallBlock,2584,320,0,0,16,16,0,1,1,4294967295
bgSmallBlock,2584,304,0,0,16,16,0,1,1,4294967295
bgSmallBlock,2584,288,0,0,16,16,0,1,1,4294967295
bgSmallBlock,2584,272,0,0,16,16,0,1,1,4294967295
bgSmallBlock,2584,256,0,0,16,16,0,1,1,4294967295
bgSmallBlock,2584,240,0,0,16,16,0,1,1,4294967295
bgSmallBlock,2584,224,0,0,16,16,0,1,1,4294967295
bgSmallBlock,2584,208,0,0,16,16,0,1,1,4294967295
bgSmallBlock,2584,192,0,0,16,16,0,1,1,4294967295
bgSmallBlock,2584,176,0,0,16,16,0,1,1,4294967295
bgSmallBlock,2584,160,0,0,16,16,0,1,1,4294967295
bgSmallBlock,2584,144,0,0,16,16,0,1,1,4294967295
bgSmallBlock,2584,128,0,0,16,16,0,1,1,4294967295
bgSmallBlock,2584,112,0,0,16,16,0,1,1,4294967295
bgSmallBlock,2584,96,0,0,16,16,0,1,1,4294967295
bgSmallBlock,2584,80,0,0,16,16,0,1,1,4294967295
bgSmallBlock,2584,64,0,0,16,16,0,1,1,4294967295
bgSmallBlock,3000,64,0,0,16,16,0,1,1,4294967295
bgSmallBlock,3000,80,0,0,16,16,0,1,1,4294967295
bgSmallBlock,3000,96,0,0,16,16,0,1,1,4294967295
bgSmallBlock,3000,112,0,0,16,16,0,1,1,4294967295
bgSmallBlock,3000,128,0,0,16,16,0,1,1,4294967295
bgSmallBlock,3000,144,0,0,16,16,0,1,1,4294967295
bgSmallBlock,3000,160,0,0,16,16,0,1,1,4294967295
bgSmallBlock,3000,176,0,0,16,16,0,1,1,4294967295
bgSmallBlock,3000,192,0,0,16,16,0,1,1,4294967295
bgSmallBlock,3000,208,0,0,16,16,0,1,1,4294967295
bgSmallBlock,3000,224,0,0,16,16,0,1,1,4294967295
bgSmallBlock,3000,240,0,0,16,16,0,1,1,4294967295
bgSmallBlock,3000,256,0,0,16,16,0,1,1,4294967295
bgSmallBlock,3000,272,0,0,16,16,0,1,1,4294967295
bgSmallBlock,3000,288,0,0,16,16,0,1,1,4294967295
bgSmallBlock,3000,304,0,0,16,16,0,1,1,4294967295
bgSmallBlock,3000,320,0,0,16,16,0,1,1,4294967295
bgSmallBlock,3000,336,0,0,16,16,0,1,1,4294967295
bgSmallBlock,3000,352,0,0,16,16,0,1,1,4294967295
bgSmallBlock,1784,352,0,0,16,16,0,1,1,4294967295
bgSmallBlock,1784,336,0,0,16,16,0,1,1,4294967295
bgSmallBlock,1784,320,0,0,16,16,0,1,1,4294967295
bgSmallBlock,1784,304,0,0,16,16,0,1,1,4294967295
bgSmallBlock,1784,288,0,0,16,16,0,1,1,4294967295
bgSmallBlock,1784,272,0,0,16,16,0,1,1,4294967295
bgSmallBlock,1784,256,0,0,16,16,0,1,1,4294967295
bgSmallBlock,1784,240,0,0,16,16,0,1,1,4294967295
bgSmallBlock,1784,224,0,0,16,16,0,1,1,4294967295
bgSmallBlock,1784,208,0,0,16,16,0,1,1,4294967295
bgSmallBlock,1784,192,0,0,16,16,0,1,1,4294967295
bgSmallBlock,1784,176,0,0,16,16,0,1,1,4294967295
bgSmallBlock,1784,160,0,0,16,16,0,1,1,4294967295
bgSmallBlock,1784,144,0,0,16,16,0,1,1,4294967295
bgSmallBlock,1784,128,0,0,16,16,0,1,1,4294967295
bgSmallBlock,1784,112,0,0,16,16,0,1,1,4294967295
bgSmallBlock,1784,96,0,0,16,16,0,1,1,4294967295
bgSmallBlock,1784,80,0,0,16,16,0,1,1,4294967295
bgSmallBlock,1784,64,0,0,16,16,0,1,1,4294967295
bgSmallBlock,2200,64,0,0,16,16,0,1,1,4294967295
bgSmallBlock,2200,80,0,0,16,16,0,1,1,4294967295
bgSmallBlock,2200,96,0,0,16,16,0,1,1,4294967295
bgSmallBlock,2200,112,0,0,16,16,0,1,1,4294967295
bgSmallBlock,2200,128,0,0,16,16,0,1,1,4294967295
bgSmallBlock,2200,144,0,0,16,16,0,1,1,4294967295
bgSmallBlock,2200,160,0,0,16,16,0,1,1,4294967295
bgSmallBlock,2200,176,0,0,16,16,0,1,1,4294967295
bgSmallBlock,2200,192,0,0,16,16,0,1,1,4294967295
bgSmallBlock,2200,208,0,0,16,16,0,1,1,4294967295
bgSmallBlock,2200,224,0,0,16,16,0,1,1,4294967295
bgSmallBlock,2200,240,0,0,16,16,0,1,1,4294967295
bgSmallBlock,2200,256,0,0,16,16,0,1,1,4294967295
bgSmallBlock,2200,272,0,0,16,16,0,1,1,4294967295
bgSmallBlock,2200,288,0,0,16,16,0,1,1,4294967295
bgSmallBlock,2200,304,0,0,16,16,0,1,1,4294967295
bgSmallBlock,2200,320,0,0,16,16,0,1,1,4294967295
bgSmallBlock,2200,336,0,0,16,16,0,1,1,4294967295
bgSmallBlock,2200,352,0,0,16,16,0,1,1,4294967295
bgSmallBlock,1400,64,0,0,16,16,0,1,1,4294967295
bgSmallBlock,1400,80,0,0,16,16,0,1,1,4294967295
bgSmallBlock,1400,96,0,0,16,16,0,1,1,4294967295
bgSmallBlock,1400,112,0,0,16,16,0,1,1,4294967295
bgSmallBlock,1400,128,0,0,16,16,0,1,1,4294967295
bgSmallBlock,1400,144,0,0,16,16,0,1,1,4294967295
bgSmallBlock,1400,160,0,0,16,16,0,1,1,4294967295
bgSmallBlock,1400,176,0,0,16,16,0,1,1,4294967295
bgSmallBlock,1400,192,0,0,16,16,0,1,1,4294967295
bgSmallBlock,1400,208,0,0,16,16,0,1,1,4294967295
bgSmallBlock,1400,224,0,0,16,16,0,1,1,4294967295
bgSmallBlock,1400,240,0,0,16,16,0,1,1,4294967295
bgSmallBlock,1400,256,0,0,16,16,0,1,1,4294967295
bgSmallBlock,1400,272,0,0,16,16,0,1,1,4294967295
bgSmallBlock,1400,288,0,0,16,16,0,1,1,4294967295
bgSmallBlock,1400,304,0,0,16,16,0,1,1,4294967295
bgSmallBlock,1400,320,0,0,16,16,0,1,1,4294967295
bgSmallBlock,1400,336,0,0,16,16,0,1,1,4294967295
bgSmallBlock,1400,352,0,0,16,16,0,1,1,4294967295
bgSmallBlock,984,352,0,0,16,16,0,1,1,4294967295
bgSmallBlock,984,336,0,0,16,16,0,1,1,4294967295
bgSmallBlock,984,320,0,0,16,16,0,1,1,4294967295
bgSmallBlock,984,304,0,0,16,16,0,1,1,4294967295
bgSmallBlock,984,288,0,0,16,16,0,1,1,4294967295
bgSmallBlock,984,272,0,0,16,16,0,1,1,4294967295
bgSmallBlock,984,256,0,0,16,16,0,1,1,4294967295
bgSmallBlock,984,240,0,0,16,16,0,1,1,4294967295
bgSmallBlock,984,224,0,0,16,16,0,1,1,4294967295
bgSmallBlock,984,208,0,0,16,16,0,1,1,4294967295
bgSmallBlock,984,192,0,0,16,16,0,1,1,4294967295
bgSmallBlock,984,176,0,0,16,16,0,1,1,4294967295
bgSmallBlock,984,160,0,0,16,16,0,1,1,4294967295
bgSmallBlock,984,144,0,0,16,16,0,1,1,4294967295
bgSmallBlock,984,128,0,0,16,16,0,1,1,4294967295
bgSmallBlock,984,112,0,0,16,16,0,1,1,4294967295
bgSmallBlock,984,96,0,0,16,16,0,1,1,4294967295
bgSmallBlock,984,80,0,0,16,16,0,1,1,4294967295
bgSmallBlock,984,64,0,0,16,16,0,1,1,4294967295
