AutoSign,7840,544,07B971F5,0,1,1,4294967295,0,1
Painting,4928,160,C99AC613,0,1,1,4294967295,0,1
Painting,5248,160,A358FC47,0,1,1,4294967295,0,1
Painting,5728,160,57131BF0,0,1,1,4294967295,0,1
Painting,6048,160,8B22FE18,0,1,1,4294967295,0,1
Painting,6528,160,33D27F0D,0,1,1,4294967295,0,1
Painting,6848,160,27325A86,0,1,1,4294967295,0,1
Painting,7328,160,8F8160C2,0,1,1,4294967295,0,1
Painting,7648,160,9947ED32,0,1,1,4294967295,0,1
RenTiler,864,160,0011FD2B,0,1,1,4294967295,0,0
Tourneayy,4672,336,00180640,0,1,1,4294967295,0,0
Block,800,0,0010BC40,0,1,1,4294967295,0,0
Block,800,32,003019E3,0,1,1,4294967295,0,0
Block,800,64,00360381,0,1,1,4294967295,0,0
Block,800,96,003065F0,0,1,1,4294967295,0,0
Block,800,128,002FCF34,0,1,1,4294967295,0,0
Block,800,160,00227671,0,1,1,4294967295,0,0
Block,800,192,000847F5,0,1,1,4294967295,0,0
Block,800,224,0032673A,0,1,1,4294967295,0,0
Block,800,256,002CC918,0,1,1,4294967295,0,0
Block,800,288,0012572B,0,1,1,4294967295,0,0
Block,800,320,0036D89D,0,1,1,4294967295,0,0
Block,1056,576,00012099,0,1,1,4294967295,0,0
Block,1088,576,0013AC00,0,1,1,4294967295,0,0
Block,1120,576,0038FC2E,0,1,1,4294967295,0,0
Block,1152,576,001F63EE,0,1,1,4294967295,0,0
Block,1184,576,0029397F,0,1,1,4294967295,0,0
Block,1216,576,002CD2DA,0,1,1,4294967295,0,0
Block,1248,576,00298FCE,0,1,1,4294967295,0,0
Block,1280,576,00029125,0,1,1,4294967295,0,0
Block,1312,576,000E7FF5,0,1,1,4294967295,0,0
Block,1344,576,00024444,0,1,1,4294967295,0,0
Block,1376,576,001BE6DB,0,1,1,4294967295,0,0
Block,1408,576,00021D66,0,1,1,4294967295,0,0
Block,1440,576,0021C7EA,0,1,1,4294967295,0,0
Block,1472,576,001A62AF,0,1,1,4294967295,0,0
Block,1504,576,0027C716,0,1,1,4294967295,0,0
Block,1536,576,000D2B54,0,1,1,4294967295,0,0
Block,1568,576,0032394A,0,1,1,4294967295,0,0
Block,1568,0,0022E09E,0,1,1,4294967295,0,0
Block,1536,0,003146C8,0,1,1,4294967295,0,0
Block,1504,0,00232C90,0,1,1,4294967295,0,0
Block,1472,0,003B91C8,0,1,1,4294967295,0,0
Block,1440,0,0033F41B,0,1,1,4294967295,0,0
Block,1408,0,0039C1AB,0,1,1,4294967295,0,0
Block,1376,0,000909DD,0,1,1,4294967295,0,0
Block,1344,0,003A2039,0,1,1,4294967295,0,0
Block,1312,0,002D83D6,0,1,1,4294967295,0,0
Block,1280,0,000FADB7,0,1,1,4294967295,0,0
Block,1248,0,003DFDF5,0,1,1,4294967295,0,0
Block,1216,0,00146751,0,1,1,4294967295,0,0
Block,1184,0,0000B9AC,0,1,1,4294967295,0,0
Block,1152,0,0030E123,0,1,1,4294967295,0,0
Block,1120,0,00142B87,0,1,1,4294967295,0,0
Block,1088,0,002F2A5B,0,1,1,4294967295,0,0
Block,1056,0,003EE790,0,1,1,4294967295,0,0
Block,1024,0,001EA854,0,1,1,4294967295,0,0
Block,992,0,002D4575,0,1,1,4294967295,0,0
Block,960,0,002829B7,0,1,1,4294967295,0,0
Block,928,0,00139948,0,1,1,4294967295,0,0
Block,896,0,0017E35C,0,1,1,4294967295,0,0
Block,864,0,0025979B,0,1,1,4294967295,0,0
Block,832,0,002DE0F4,0,1,1,4294967295,0,0
Block,1024,576,0030EC0A,0,1,1,4294967295,0,0
Block,992,576,0025124B,0,1,1,4294967295,0,0
Block,800,512,002EA6FB,0,1,1,4294967295,0,0
Block,800,544,003CE421,0,1,1,4294967295,0,0
Block,800,576,003AFECB,0,1,1,4294967295,0,0
Block,832,576,0034A827,0,1,1,4294967295,0,0
Block,864,576,003A8D34,0,1,1,4294967295,0,0
Block,896,576,003952EE,0,1,1,4294967295,0,0
Block,928,576,00351BBB,0,1,1,4294967295,0,0
Block,960,576,002D9E72,0,1,1,4294967295,0,0
Block,832,544,003FAAEF,0,1,1,4294967295,0,0
TextDraw,1200,392,CE556551,0,1,1,4294967295,0,1
Block,800,384,00006A7F,0,1,1,4294967295,0,0
Block,800,352,003C416C,0,1,1,4294967295,0,0
Block,-32,512,0000958E,0,1,1,4294967295,0,0
Block,1600,576,00231F9C,0,1,1,4294967295,0,0
Block,1600,0,003AE04C,0,1,1,4294967295,0,0
Block,832,512,00106994,0,1,1,4294967295,0,0
Block,864,544,003D5D26,0,1,1,4294967295,0,0
Block,1632,576,0030ABEB,0,1,1,4294967295,0,0
Block,1664,576,003D4564,0,1,1,4294967295,0,0
Block,1696,576,00058686,0,1,1,4294967295,0,0
Block,1728,576,003735C4,0,1,1,4294967295,0,0
Block,1760,576,00309BC4,0,1,1,4294967295,0,0
Block,1792,576,0025BE4A,0,1,1,4294967295,0,0
Block,1824,576,00243F39,0,1,1,4294967295,0,0
Block,1856,576,0007F232,0,1,1,4294967295,0,0
Block,1888,576,000968CD,0,1,1,4294967295,0,0
Block,1920,576,000687BF,0,1,1,4294967295,0,0
Block,1952,576,00236F4E,0,1,1,4294967295,0,0
Block,1984,576,000A44B2,0,1,1,4294967295,0,0
Block,2016,576,00316C1F,0,1,1,4294967295,0,0
Block,2048,576,003F46E3,0,1,1,4294967295,0,0
Block,2080,576,0002BB26,0,1,1,4294967295,0,0
Block,2112,576,0007B0DE,0,1,1,4294967295,0,0
Block,2144,576,00100C21,0,1,1,4294967295,0,0
Block,2176,576,002DC3FC,0,1,1,4294967295,0,0
Block,2208,576,001CA35B,0,1,1,4294967295,0,0
Block,2240,576,001AC9C8,0,1,1,4294967295,0,0
Block,2272,576,00028EA8,0,1,1,4294967295,0,0
Block,2304,576,003F07E7,0,1,1,4294967295,0,0
Block,2336,576,0000A1C7,0,1,1,4294967295,0,0
Block,2368,576,001F894E,0,1,1,4294967295,0,0
Block,2400,576,00389576,0,1,1,4294967295,0,0
Block,2432,576,00290228,0,1,1,4294967295,0,0
Block,2464,576,0009CD10,0,1,1,4294967295,0,0
Block,2496,576,000668F9,0,1,1,4294967295,0,0
Block,2528,576,0000FB0D,0,1,1,4294967295,0,0
Block,2560,576,000FEF8D,0,1,1,4294967295,0,0
Block,2592,576,00012E15,0,1,1,4294967295,0,0
Block,2624,576,0028FBD1,0,1,1,4294967295,0,0
Block,2656,576,003EA880,0,1,1,4294967295,0,0
Block,1600,32,001BE2DB,0,1,1,4294967295,0,0
Block,1568,32,00065249,0,1,1,4294967295,0,0
Block,1632,0,001F55D0,0,1,1,4294967295,0,0
Block,1664,0,0002D971,0,1,1,4294967295,0,0
Block,1696,0,00024019,0,1,1,4294967295,0,0
Block,1728,0,0015E844,0,1,1,4294967295,0,0
Block,1760,0,00091027,0,1,1,4294967295,0,0
Block,1792,0,000F1D2C,0,1,1,4294967295,0,0
Block,1824,0,00022E78,0,1,1,4294967295,0,0
Block,1856,0,0015115C,0,1,1,4294967295,0,0
Block,1888,0,001F24AC,0,1,1,4294967295,0,0
Block,1920,0,0024624A,0,1,1,4294967295,0,0
Block,1952,0,00296FBD,0,1,1,4294967295,0,0
Block,1984,0,0020F92F,0,1,1,4294967295,0,0
Block,2016,0,001AC749,0,1,1,4294967295,0,0
Block,2048,0,001AA86E,0,1,1,4294967295,0,0
Block,2080,0,00248B07,0,1,1,4294967295,0,0
Block,2112,0,001EDE03,0,1,1,4294967295,0,0
Block,2144,0,001178AA,0,1,1,4294967295,0,0
Block,2176,0,000DFD95,0,1,1,4294967295,0,0
Block,2208,0,00032089,0,1,1,4294967295,0,0
Block,2240,0,00022A49,0,1,1,4294967295,0,0
Block,2272,0,0020B793,0,1,1,4294967295,0,0
Block,2304,0,00038F4D,0,1,1,4294967295,0,0
Block,2336,0,0024B2E7,0,1,1,4294967295,0,0
Block,2368,0,0023D793,0,1,1,4294967295,0,0
Block,2400,0,00240139,0,1,1,4294967295,0,0
Block,2432,0,000223A8,0,1,1,4294967295,0,0
Block,2464,0,00197025,0,1,1,4294967295,0,0
Block,2496,0,0015626A,0,1,1,4294967295,0,0
Block,2528,0,001203B1,0,1,1,4294967295,0,0
Block,2560,0,0009C5F7,0,1,1,4294967295,0,0
Block,2592,0,002AE2E3,0,1,1,4294967295,0,0
Block,2624,0,001A3DBA,0,1,1,4294967295,0,0
Block,2656,0,00271FD3,0,1,1,4294967295,0,0
Block,2688,0,0017FDFB,0,1,1,4294967295,0,0
Block,2720,0,0036CF44,0,1,1,4294967295,0,0
Block,2752,0,0021C82B,0,1,1,4294967295,0,0
Block,2784,0,002D3B80,0,1,1,4294967295,0,0
Block,2816,0,00292BBD,0,1,1,4294967295,0,0
Block,2400,32,0012D485,0,1,1,4294967295,0,0
Block,2368,32,0011E3B2,0,1,1,4294967295,0,0
TextDraw,2000,392,BE2E4777,0,1,1,4294967295,0,1
Block,3200,32,001D14C8,0,1,1,4294967295,0,0
Block,3168,32,00214CE7,0,1,1,4294967295,0,0
Block,2848,0,00138658,0,1,1,4294967295,0,0
Block,2880,0,000E7B85,0,1,1,4294967295,0,0
Block,2912,0,0040137E,0,1,1,4294967295,0,0
Block,2944,0,000DE3AD,0,1,1,4294967295,0,0
Block,2976,0,003A5B89,0,1,1,4294967295,0,0
Block,3008,0,002D4EE3,0,1,1,4294967295,0,0
Block,3040,0,0008A934,0,1,1,4294967295,0,0
Block,3072,0,00144AD7,0,1,1,4294967295,0,0
Block,3104,0,0015CCD1,0,1,1,4294967295,0,0
Block,3136,0,00106D3A,0,1,1,4294967295,0,0
Block,3168,0,000E8F73,0,1,1,4294967295,0,0
Block,3200,0,00123F44,0,1,1,4294967295,0,0
Block,3232,0,00086457,0,1,1,4294967295,0,0
Block,3264,0,003AEC15,0,1,1,4294967295,0,0
Block,3296,0,00205CB4,0,1,1,4294967295,0,0
Block,3328,0,0003B1B0,0,1,1,4294967295,0,0
Block,3360,0,00324DD9,0,1,1,4294967295,0,0
Block,3392,0,000192F5,0,1,1,4294967295,0,0
Block,3424,0,00247774,0,1,1,4294967295,0,0
Block,3456,0,003FA025,0,1,1,4294967295,0,0
Block,3488,0,000CB922,0,1,1,4294967295,0,0
Block,3520,0,002ACC31,0,1,1,4294967295,0,0
Block,3552,0,00022AD1,0,1,1,4294967295,0,0
Block,3584,0,0001C9C9,0,1,1,4294967295,0,0
Block,3616,0,00378592,0,1,1,4294967295,0,0
Block,3648,0,000169D2,0,1,1,4294967295,0,0
Block,3680,0,0029D8DA,0,1,1,4294967295,0,0
Block,3712,0,00079FDA,0,1,1,4294967295,0,0
Block,3744,0,001B3FC2,0,1,1,4294967295,0,0
Block,3776,0,00229765,0,1,1,4294967295,0,0
Block,3808,0,0022BABB,0,1,1,4294967295,0,0
Block,3840,0,001D4BFC,0,1,1,4294967295,0,0
Block,3872,0,000A4A23,0,1,1,4294967295,0,0
Block,3904,0,000EFEFB,0,1,1,4294967295,0,0
Block,3936,0,00221C6F,0,1,1,4294967295,0,0
Block,3968,0,00241F41,0,1,1,4294967295,0,0
TextDraw,2800,392,96430140,0,1,1,4294967295,0,1
Block,3968,32,0026DC36,0,1,1,4294967295,0,0
TextDraw,3600,392,33E09F66,0,1,1,4294967295,0,1
Block,2688,576,00292201,0,1,1,4294967295,0,0
Block,2720,576,00399F51,0,1,1,4294967295,0,0
Block,2752,576,0004E0D5,0,1,1,4294967295,0,0
Block,2784,576,00280BEE,0,1,1,4294967295,0,0
Block,2816,576,003D9C4C,0,1,1,4294967295,0,0
Block,2848,576,00377F0E,0,1,1,4294967295,0,0
Block,2880,576,002D2353,0,1,1,4294967295,0,0
Block,2912,576,002A5E4D,0,1,1,4294967295,0,0
Block,2944,576,003FDEC9,0,1,1,4294967295,0,0
Block,2976,576,000E9CBD,0,1,1,4294967295,0,0
Block,3008,576,0027C2E1,0,1,1,4294967295,0,0
Block,3040,576,000B4255,0,1,1,4294967295,0,0
Block,3072,576,003463FA,0,1,1,4294967295,0,0
Block,3104,576,0008367B,0,1,1,4294967295,0,0
Block,3136,576,000E8720,0,1,1,4294967295,0,0
Block,3168,576,0028404F,0,1,1,4294967295,0,0
Block,3200,576,00393C9A,0,1,1,4294967295,0,0
Block,3232,576,0029D297,0,1,1,4294967295,0,0
Block,3264,576,000B11E1,0,1,1,4294967295,0,0
Block,3296,576,003AA3B0,0,1,1,4294967295,0,0
Block,3328,576,003B982E,0,1,1,4294967295,0,0
Block,3360,576,002FE553,0,1,1,4294967295,0,0
Block,3392,576,0018F36D,0,1,1,4294967295,0,0
Block,3424,576,001BEBDE,0,1,1,4294967295,0,0
Block,3456,576,000F6B50,0,1,1,4294967295,0,0
Block,3488,576,00265009,0,1,1,4294967295,0,0
Block,3520,576,001E27E2,0,1,1,4294967295,0,0
Block,3552,576,0005AB28,0,1,1,4294967295,0,0
Block,3584,576,0025C68A,0,1,1,4294967295,0,0
Block,3616,576,002A0F40,0,1,1,4294967295,0,0
Block,3648,576,00112C27,0,1,1,4294967295,0,0
Block,3680,576,00147B3A,0,1,1,4294967295,0,0
Block,3712,576,00098F34,0,1,1,4294967295,0,0
Block,3744,576,0024115A,0,1,1,4294967295,0,0
Block,3776,576,00037698,0,1,1,4294967295,0,0
Block,3808,576,00274C81,0,1,1,4294967295,0,0
Block,3840,576,001B3192,0,1,1,4294967295,0,0
Block,3872,576,00075B1C,0,1,1,4294967295,0,0
Block,3904,576,002547E1,0,1,1,4294967295,0,0
Block,3936,576,0020B042,0,1,1,4294967295,0,0
Block,3968,576,00339ED0,0,1,1,4294967295,0,0
Block,3968,544,0035FFB2,0,1,1,4294967295,0,0
Block,3968,512,000CDE83,0,1,1,4294967295,0,0
Block,3968,96,00166DEF,0,1,1,4294967295,0,0
Block,3968,64,0032659E,0,1,1,4294967295,0,0
Block,3136,32,0025BCED,0,1,1,4294967295,0,0
Block,3232,32,0014F1B0,0,1,1,4294967295,0,0
Block,3168,64,0036ADE7,0,1,1,4294967295,0,0
Block,3200,64,00046C2F,0,1,1,4294967295,0,0
Block,3936,32,001EA505,0,1,1,4294967295,0,0
Block,2432,32,003CBD6C,0,1,1,4294967295,0,0
Block,2336,32,002F2709,0,1,1,4294967295,0,0
Block,2368,64,003713AC,0,1,1,4294967295,0,0
Block,2400,64,00218B7D,0,1,1,4294967295,0,0
Block,1536,32,00115FA9,0,1,1,4294967295,0,0
Block,1568,64,003543D9,0,1,1,4294967295,0,0
Block,1600,64,00150220,0,1,1,4294967295,0,0
Block,1632,32,00199B98,0,1,1,4294967295,0,0
Block,-32,416,0012A9DE,0,1,1,4294967295,0,0
Block,1568,544,001461DB,0,1,1,4294967295,0,0
Block,1600,544,0027D804,0,1,1,4294967295,0,0
Block,1536,544,000088B4,0,1,1,4294967295,0,0
Block,1568,512,000A7B8C,0,1,1,4294967295,0,0
Block,1600,512,0002D838,0,1,1,4294967295,0,0
Block,1632,544,0019080F,0,1,1,4294967295,0,0
Block,2336,544,003B5BD7,0,1,1,4294967295,0,0
Block,2368,544,0033449A,0,1,1,4294967295,0,0
Block,2400,544,0029FCB8,0,1,1,4294967295,0,0
Block,2432,544,000D2AB4,0,1,1,4294967295,0,0
Block,2368,512,0000FA68,0,1,1,4294967295,0,0
Block,2400,512,0007EAC0,0,1,1,4294967295,0,0
Block,3136,544,003099E2,0,1,1,4294967295,0,0
Block,3168,544,0020E13E,0,1,1,4294967295,0,0
Block,3200,544,001B1557,0,1,1,4294967295,0,0
Block,3232,544,002ACC58,0,1,1,4294967295,0,0
Block,3168,512,003E2B05,0,1,1,4294967295,0,0
Block,3200,512,00095208,0,1,1,4294967295,0,0
Block,3936,544,0034881D,0,1,1,4294967295,0,0
Block,1504,544,00378F06,0,1,1,4294967295,0,0
Block,1536,512,0026B76B,0,1,1,4294967295,0,0
Block,1632,512,003F888F,0,1,1,4294967295,0,0
Block,1664,544,00401B21,0,1,1,4294967295,0,0
Block,1504,32,001E25C1,0,1,1,4294967295,0,0
Block,1536,64,002EBD8A,0,1,1,4294967295,0,0
Block,1632,64,000E962F,0,1,1,4294967295,0,0
Block,1664,32,003ECE2A,0,1,1,4294967295,0,0
Block,832,64,003750D2,0,1,1,4294967295,0,0
Block,832,32,003225D5,0,1,1,4294967295,0,0
Block,864,32,002EAC46,0,1,1,4294967295,0,0
Block,2304,544,0010EE43,0,1,1,4294967295,0,0
Block,2336,512,001B9175,0,1,1,4294967295,0,0
Block,2432,512,001C6052,0,1,1,4294967295,0,0
Block,2464,544,001B29CF,0,1,1,4294967295,0,0
Block,2304,32,0023BCE3,0,1,1,4294967295,0,0
Block,2336,64,003313D3,0,1,1,4294967295,0,0
Block,2432,64,003D9199,0,1,1,4294967295,0,0
Block,2464,32,001A4135,0,1,1,4294967295,0,0
Block,3104,32,00310CEE,0,1,1,4294967295,0,0
Block,3136,64,000CB3F6,0,1,1,4294967295,0,0
Block,3232,64,0006AC02,0,1,1,4294967295,0,0
Block,3264,32,003BE219,0,1,1,4294967295,0,0
Block,3104,544,001CA917,0,1,1,4294967295,0,0
Block,3136,512,0004896E,0,1,1,4294967295,0,0
Block,3232,512,003D623A,0,1,1,4294967295,0,0
Block,3264,544,0021C397,0,1,1,4294967295,0,0
Block,3904,544,00275E47,0,1,1,4294967295,0,0
Block,3936,512,001F54FE,0,1,1,4294967295,0,0
Block,3904,32,001972B9,0,1,1,4294967295,0,0
Block,3936,64,0019B6EE,0,1,1,4294967295,0,0
Block,1568,96,0025EC19,0,1,1,4294967295,0,0
Block,1600,96,00134560,0,1,1,4294967295,0,0
Block,2368,96,0025A8C0,0,1,1,4294967295,0,0
Block,2400,96,002818F6,0,1,1,4294967295,0,0
Block,3168,96,00147543,0,1,1,4294967295,0,0
Block,3200,96,001C19E7,0,1,1,4294967295,0,0
Block,4000,0,00402F73,0,1,1,4294967295,0,0
Block,4032,0,00251D8E,0,1,1,4294967295,0,0
Block,4064,0,00055C44,0,1,1,4294967295,0,0
Block,4096,0,0015450B,0,1,1,4294967295,0,0
Block,4128,0,000281C3,0,1,1,4294967295,0,0
Block,4160,0,00137426,0,1,1,4294967295,0,0
Block,4192,0,003A0092,0,1,1,4294967295,0,0
Block,4224,0,000E378C,0,1,1,4294967295,0,0
Block,4256,0,0034C2CA,0,1,1,4294967295,0,0
Block,4288,0,002B4AE0,0,1,1,4294967295,0,0
Block,4320,0,000ADADF,0,1,1,4294967295,0,0
Block,4352,0,0025AB02,0,1,1,4294967295,0,0
Block,4384,0,001DD58B,0,1,1,4294967295,0,0
Block,4416,0,000413A2,0,1,1,4294967295,0,0
Block,4448,0,00332DF2,0,1,1,4294967295,0,0
Block,4480,0,002331C0,0,1,1,4294967295,0,0
Block,4512,0,001C4327,0,1,1,4294967295,0,0
Block,4544,0,00155ABB,0,1,1,4294967295,0,0
Block,4576,0,0011BD2F,0,1,1,4294967295,0,0
Block,4608,0,001D9C57,0,1,1,4294967295,0,0
Block,4640,0,0028CF0B,0,1,1,4294967295,0,0
Block,4672,0,00006E78,0,1,1,4294967295,0,0
Block,4704,0,0034696B,0,1,1,4294967295,0,0
Block,4736,0,003C071F,0,1,1,4294967295,0,0
Block,4768,0,0032AC94,0,1,1,4294967295,0,0
Block,4768,32,001C0703,0,1,1,4294967295,0,0
Block,4768,64,00226F74,0,1,1,4294967295,0,0
Block,4768,96,001760FF,0,1,1,4294967295,0,0
Block,4768,128,00346E1C,0,1,1,4294967295,0,0
Block,4768,160,002F360E,0,1,1,4294967295,0,0
Block,4768,192,000C6D59,0,1,1,4294967295,0,0
Block,4768,224,000C5AFC,0,1,1,4294967295,0,0
Block,4768,256,000AAA96,0,1,1,4294967295,0,0
Block,4768,288,0031963E,0,1,1,4294967295,0,0
Block,4768,320,0028F0D9,0,1,1,4294967295,0,0
Block,4768,352,001CD891,0,1,1,4294967295,0,0
Block,4768,384,0013CA26,0,1,1,4294967295,0,0
Block,4768,512,001DC6B2,0,1,1,4294967295,0,0
Block,4768,544,00220EDA,0,1,1,4294967295,0,0
Block,4768,576,000C60F3,0,1,1,4294967295,0,0
Block,4000,512,002AB481,0,1,1,4294967295,0,0
Block,4000,544,000388EE,0,1,1,4294967295,0,0
Block,4000,64,002EB23F,0,1,1,4294967295,0,0
Block,4000,32,003D0B71,0,1,1,4294967295,0,0
Block,4032,32,000C0A73,0,1,1,4294967295,0,0
Block,4032,64,000A2F56,0,1,1,4294967295,0,0
Block,4064,32,003405AD,0,1,1,4294967295,0,0
Block,4032,512,00066C9F,0,1,1,4294967295,0,0
Block,4000,96,00016C97,0,1,1,4294967295,0,0
Block,3968,128,002A0476,0,1,1,4294967295,0,0
Block,3968,160,001A6E50,0,1,1,4294967295,0,0
Block,3968,192,002596FF,0,1,1,4294967295,0,0
Block,3968,224,00024F14,0,1,1,4294967295,0,0
Block,3968,256,001C1C10,0,1,1,4294967295,0,0
Block,3968,288,002E830D,0,1,1,4294967295,0,0
Block,3968,320,00200E43,0,1,1,4294967295,0,0
Block,3968,352,00066CAF,0,1,1,4294967295,0,0
Block,3968,384,001FB41D,0,1,1,4294967295,0,0
Block,4000,384,000F2865,0,1,1,4294967295,0,0
Block,4000,352,0022245E,0,1,1,4294967295,0,0
Block,4000,320,00018D15,0,1,1,4294967295,0,0
Block,4000,288,00304C0D,0,1,1,4294967295,0,0
Block,4000,256,00117AED,0,1,1,4294967295,0,0
Block,4000,224,000E8D3E,0,1,1,4294967295,0,0
Block,4000,192,002012FD,0,1,1,4294967295,0,0
Block,4000,160,00274CF5,0,1,1,4294967295,0,0
Block,4000,128,000E7CAE,0,1,1,4294967295,0,0
Block,4032,384,002CEE8F,0,1,1,4294967295,0,0
Block,4064,384,00048FFB,0,1,1,4294967295,0,0
Block,4096,384,0031ACB8,0,1,1,4294967295,0,0
Block,4128,384,00176797,0,1,1,4294967295,0,0
Block,4160,384,001D91DC,0,1,1,4294967295,0,0
Block,4192,384,0016BB42,0,1,1,4294967295,0,0
Block,4224,384,000DF6A3,0,1,1,4294967295,0,0
Block,4256,384,000B6FDE,0,1,1,4294967295,0,0
Block,4288,384,00324629,0,1,1,4294967295,0,0
Block,4320,384,000FC107,0,1,1,4294967295,0,0
Block,4448,384,00125CDF,0,1,1,4294967295,0,0
Block,4480,384,001C1EF7,0,1,1,4294967295,0,0
Block,4512,384,003D31FC,0,1,1,4294967295,0,0
Block,4544,384,001DFF89,0,1,1,4294967295,0,0
Block,4576,384,00040449,0,1,1,4294967295,0,0
Block,4704,384,0007C68E,0,1,1,4294967295,0,0
Block,4736,384,002C4A5B,0,1,1,4294967295,0,0
Block,4064,512,003A369A,0,1,1,4294967295,0,0
Block,4096,512,001004AC,0,1,1,4294967295,0,0
Block,4128,512,000AFB76,0,1,1,4294967295,0,0
Block,4160,512,00045AFA,0,1,1,4294967295,0,0
Block,4192,512,0018BD9F,0,1,1,4294967295,0,0
Block,4224,512,00337C09,0,1,1,4294967295,0,0
Block,4256,512,0030C533,0,1,1,4294967295,0,0
Block,4288,512,00362AB0,0,1,1,4294967295,0,0
Block,4320,512,000E376E,0,1,1,4294967295,0,0
Block,4352,512,00293CC2,0,1,1,4294967295,0,0
Block,4384,512,0037004C,0,1,1,4294967295,0,0
Block,4416,512,002238E0,0,1,1,4294967295,0,0
Block,4448,512,0010BB22,0,1,1,4294967295,0,0
Block,4480,512,0010F6F4,0,1,1,4294967295,0,0
Block,4512,512,0030AB98,0,1,1,4294967295,0,0
Block,4544,512,002B81A2,0,1,1,4294967295,0,0
Block,4576,512,002E5D61,0,1,1,4294967295,0,0
Block,4608,512,001883F7,0,1,1,4294967295,0,0
Block,4640,512,0016AD5E,0,1,1,4294967295,0,0
Block,4672,512,003C733B,0,1,1,4294967295,0,0
Block,4704,512,001617D5,0,1,1,4294967295,0,0
Block,4736,512,002BEFA5,0,1,1,4294967295,0,0
Block,4736,544,0026F6DA,0,1,1,4294967295,0,0
Block,4704,32,001EBC62,0,1,1,4294967295,0,0
Block,4736,32,00353C50,0,1,1,4294967295,0,0
Block,4736,64,0036DFDC,0,1,1,4294967295,0,0
TextDraw,4400,272,945D1891,0,1,1,4294967295,0,1
Block,4032,352,0037B56C,0,1,1,4294967295,0,0
Block,4736,352,000091D4,0,1,1,4294967295,0,0
Block,4800,512,003F91EE,0,1,1,4294967295,0,0
Block,4800,544,001D261D,0,1,1,4294967295,0,0
Block,4832,544,0027AF52,0,1,1,4294967295,0,0
Block,4800,576,001FDB1A,0,1,1,4294967295,0,0
Block,4832,576,0019BC07,0,1,1,4294967295,0,0
Block,4864,576,0024E2F6,0,1,1,4294967295,0,0
Block,4896,576,002E2A77,0,1,1,4294967295,0,0
Block,4928,576,0012D79B,0,1,1,4294967295,0,0
Block,4960,576,001A53E7,0,1,1,4294967295,0,0
Block,4992,576,001085EF,0,1,1,4294967295,0,0
Block,5024,576,0029FD01,0,1,1,4294967295,0,0
Block,5056,576,0024D387,0,1,1,4294967295,0,0
Block,5088,576,001834C4,0,1,1,4294967295,0,0
Block,5120,576,003D22BC,0,1,1,4294967295,0,0
Block,5152,576,0000362A,0,1,1,4294967295,0,0
Block,5184,576,00011812,0,1,1,4294967295,0,0
Block,5216,576,001CF873,0,1,1,4294967295,0,0
Block,5248,576,003666F5,0,1,1,4294967295,0,0
Block,5280,576,00097A0B,0,1,1,4294967295,0,0
Block,5312,576,0038C8E0,0,1,1,4294967295,0,0
Block,5344,576,00080246,0,1,1,4294967295,0,0
Block,5376,576,0014CCAB,0,1,1,4294967295,0,0
Block,5408,576,003A74C5,0,1,1,4294967295,0,0
Block,5440,576,000EA7F6,0,1,1,4294967295,0,0
Block,5472,576,0032425B,0,1,1,4294967295,0,0
Block,5504,576,002FB144,0,1,1,4294967295,0,0
Block,5536,576,001C3122,0,1,1,4294967295,0,0
Block,5568,576,000DBB80,0,1,1,4294967295,0,0
Block,4800,384,00339AC9,0,1,1,4294967295,0,0
Block,4800,352,001AB52A,0,1,1,4294967295,0,0
Block,4800,320,000457E5,0,1,1,4294967295,0,0
Block,4800,288,00274A3F,0,1,1,4294967295,0,0
Block,4800,256,003BCE5A,0,1,1,4294967295,0,0
Block,4800,224,0005B7D8,0,1,1,4294967295,0,0
Block,4800,192,0009208F,0,1,1,4294967295,0,0
Block,4800,160,0005B75A,0,1,1,4294967295,0,0
Block,4800,128,00361F44,0,1,1,4294967295,0,0
Block,4800,96,003F0B03,0,1,1,4294967295,0,0
Block,4800,64,000F42ED,0,1,1,4294967295,0,0
Block,4800,32,00236F1A,0,1,1,4294967295,0,0
Block,4800,0,002B9BE1,0,1,1,4294967295,0,0
Block,4832,0,003B7B54,0,1,1,4294967295,0,0
Block,4864,0,0037F6E3,0,1,1,4294967295,0,0
Block,4896,0,001F9E09,0,1,1,4294967295,0,0
Block,4960,0,001D1FD6,0,1,1,4294967295,0,0
Block,4992,0,000A29C2,0,1,1,4294967295,0,0
Block,5024,0,003AF201,0,1,1,4294967295,0,0
Block,4832,64,0006B98C,0,1,1,4294967295,0,0
Block,4832,32,000A4F60,0,1,1,4294967295,0,0
Block,4864,32,0009EA44,0,1,1,4294967295,0,0
Block,4928,0,001905C6,0,1,1,4294967295,0,0
Block,5056,0,003033EE,0,1,1,4294967295,0,0
Block,5088,0,000C69BF,0,1,1,4294967295,0,0
Block,5120,0,00089B44,0,1,1,4294967295,0,0
Block,5152,0,00343A5A,0,1,1,4294967295,0,0
Block,5184,0,003DA24C,0,1,1,4294967295,0,0
Block,5216,0,003886E6,0,1,1,4294967295,0,0
Block,5248,0,00087789,0,1,1,4294967295,0,0
Block,5280,0,001593A2,0,1,1,4294967295,0,0
Block,5312,0,00107BE1,0,1,1,4294967295,0,0
Block,5344,0,001F2F8D,0,1,1,4294967295,0,0
Block,5376,0,0039D0C4,0,1,1,4294967295,0,0
Block,5408,0,00309F5F,0,1,1,4294967295,0,0
Block,5440,0,0016D788,0,1,1,4294967295,0,0
Block,5472,0,001D638D,0,1,1,4294967295,0,0
Block,5504,0,0017D1E2,0,1,1,4294967295,0,0
Block,5536,0,00319D41,0,1,1,4294967295,0,0
Block,5568,0,003DB223,0,1,1,4294967295,0,0
Block,4832,512,0012A5DC,0,1,1,4294967295,0,0
Block,4864,544,00087765,0,1,1,4294967295,0,0
Block,4608,384,002EEFE8,0,1,1,4294967295,0,0
Block,4640,384,001C2746,0,1,1,4294967295,0,0
Block,4672,384,0013571B,0,1,1,4294967295,0,0
Block,5568,96,00005781,0,1,1,4294967295,0,0
Block,5568,64,001994D0,0,1,1,4294967295,0,0
Block,5536,32,000F9933,0,1,1,4294967295,0,0
Block,5568,32,0022D056,0,1,1,4294967295,0,0
Block,5536,64,0024B7DD,0,1,1,4294967295,0,0
Block,5504,32,001894ED,0,1,1,4294967295,0,0
Block,5536,544,000838AE,0,1,1,4294967295,0,0
Block,5568,544,003A89CE,0,1,1,4294967295,0,0
Block,5568,512,002EBD0C,0,1,1,4294967295,0,0
Block,5536,512,0009300F,0,1,1,4294967295,0,0
Block,5504,544,000EEDC7,0,1,1,4294967295,0,0
Block,5600,96,00159B0A,0,1,1,4294967295,0,0
Block,5600,64,0024617E,0,1,1,4294967295,0,0
Block,5600,32,000D00AB,0,1,1,4294967295,0,0
Block,5600,0,00037F19,0,1,1,4294967295,0,0
Block,5632,64,003675CC,0,1,1,4294967295,0,0
Block,5632,32,002B5DC4,0,1,1,4294967295,0,0
Block,5632,0,00187CA2,0,1,1,4294967295,0,0
Block,5664,32,003F08D7,0,1,1,4294967295,0,0
Block,5664,0,0008FE0D,0,1,1,4294967295,0,0
Block,5696,0,002790A2,0,1,1,4294967295,0,0
Block,5728,0,001A376C,0,1,1,4294967295,0,0
Block,5760,0,0025E82B,0,1,1,4294967295,0,0
Block,5792,0,00283F53,0,1,1,4294967295,0,0
Block,5824,0,001066D2,0,1,1,4294967295,0,0
Block,5856,0,000D8C87,0,1,1,4294967295,0,0
Block,5888,0,0001DA54,0,1,1,4294967295,0,0
Block,5920,0,001513F7,0,1,1,4294967295,0,0
Block,5952,0,001BDD23,0,1,1,4294967295,0,0
Block,5984,0,002132C1,0,1,1,4294967295,0,0
Block,6016,0,0006206A,0,1,1,4294967295,0,0
Block,6048,0,00318046,0,1,1,4294967295,0,0
Block,6080,0,003577ED,0,1,1,4294967295,0,0
Block,6112,0,0010B6FA,0,1,1,4294967295,0,0
Block,6144,0,0014CF1C,0,1,1,4294967295,0,0
Block,6176,0,000F645C,0,1,1,4294967295,0,0
Block,6208,0,003A3D69,0,1,1,4294967295,0,0
Block,6240,0,0036B74D,0,1,1,4294967295,0,0
Block,6272,0,00317B4E,0,1,1,4294967295,0,0
Block,6304,0,001FD362,0,1,1,4294967295,0,0
Block,6336,0,00183934,0,1,1,4294967295,0,0
Block,6368,0,002A237F,0,1,1,4294967295,0,0
Block,6368,96,0026F7D7,0,1,1,4294967295,0,0
Block,6368,64,001DA33C,0,1,1,4294967295,0,0
Block,6368,32,000DF67C,0,1,1,4294967295,0,0
Block,6304,32,00248AB1,0,1,1,4294967295,0,0
Block,6336,32,000E4F32,0,1,1,4294967295,0,0
Block,6336,64,002A57E9,0,1,1,4294967295,0,0
Block,6368,512,0002024D,0,1,1,4294967295,0,0
Block,6368,544,002A0073,0,1,1,4294967295,0,0
Block,6368,576,000F24B2,0,1,1,4294967295,0,0
Block,6336,576,001334ED,0,1,1,4294967295,0,0
Block,6304,576,00296912,0,1,1,4294967295,0,0
Block,6272,576,00154F69,0,1,1,4294967295,0,0
Block,6240,576,001EDEC8,0,1,1,4294967295,0,0
Block,6208,576,00085B17,0,1,1,4294967295,0,0
Block,6176,576,003C594A,0,1,1,4294967295,0,0
Block,6144,576,000B939F,0,1,1,4294967295,0,0
Block,6112,576,001315E3,0,1,1,4294967295,0,0
Block,6080,576,001989F8,0,1,1,4294967295,0,0
Block,6048,576,00011397,0,1,1,4294967295,0,0
Block,6016,576,00298EFD,0,1,1,4294967295,0,0
Block,5984,576,0019DED9,0,1,1,4294967295,0,0
Block,5952,576,000FD3A9,0,1,1,4294967295,0,0
Block,5920,576,002E1F66,0,1,1,4294967295,0,0
Block,5888,576,0012B453,0,1,1,4294967295,0,0
Block,5856,576,00391C15,0,1,1,4294967295,0,0
Block,5824,576,00284DE4,0,1,1,4294967295,0,0
Block,5792,576,0027B001,0,1,1,4294967295,0,0
Block,5760,576,002FAB1D,0,1,1,4294967295,0,0
Block,5728,576,000DFAE4,0,1,1,4294967295,0,0
Block,5696,576,0032089A,0,1,1,4294967295,0,0
Block,5664,576,00058769,0,1,1,4294967295,0,0
Block,5632,576,001C66CD,0,1,1,4294967295,0,0
Block,5600,576,001F272D,0,1,1,4294967295,0,0
Block,5600,512,0023655C,0,1,1,4294967295,0,0
Block,5600,544,000EAA91,0,1,1,4294967295,0,0
Block,5632,544,000B1014,0,1,1,4294967295,0,0
Block,5632,512,000C706A,0,1,1,4294967295,0,0
Block,5664,544,000DCA29,0,1,1,4294967295,0,0
Block,6336,512,003B9532,0,1,1,4294967295,0,0
Block,6336,544,002FB33F,0,1,1,4294967295,0,0
Block,6304,544,002C875F,0,1,1,4294967295,0,0
Block,6400,96,0017CB61,0,1,1,4294967295,0,0
Block,6400,64,000E162B,0,1,1,4294967295,0,0
Block,6400,32,00179DA2,0,1,1,4294967295,0,0
Block,6400,0,000C05C5,0,1,1,4294967295,0,0
Block,6432,64,001B7513,0,1,1,4294967295,0,0
Block,6432,32,0039BAD0,0,1,1,4294967295,0,0
Block,6432,0,003FD5EA,0,1,1,4294967295,0,0
Block,6464,32,003BD748,0,1,1,4294967295,0,0
Block,6464,0,002B8BF0,0,1,1,4294967295,0,0
Block,6496,0,00002E78,0,1,1,4294967295,0,0
Block,6528,0,003F241D,0,1,1,4294967295,0,0
Block,6560,0,003DE79B,0,1,1,4294967295,0,0
Block,6592,0,002A5807,0,1,1,4294967295,0,0
Block,6624,0,001673D5,0,1,1,4294967295,0,0
Block,6656,0,0010DE30,0,1,1,4294967295,0,0
Block,6688,0,002D9ABA,0,1,1,4294967295,0,0
Block,6720,0,0035457E,0,1,1,4294967295,0,0
Block,6752,0,00352C49,0,1,1,4294967295,0,0
Block,6784,0,000FFC82,0,1,1,4294967295,0,0
Block,6816,0,00010550,0,1,1,4294967295,0,0
Block,6848,0,001D2B5D,0,1,1,4294967295,0,0
Block,6880,0,0001411B,0,1,1,4294967295,0,0
Block,6912,0,001A290D,0,1,1,4294967295,0,0
Block,6944,0,0007B3D8,0,1,1,4294967295,0,0
Block,6976,0,0026B63E,0,1,1,4294967295,0,0
Block,7008,0,00256B4B,0,1,1,4294967295,0,0
Block,7040,0,002C98FC,0,1,1,4294967295,0,0
Block,7072,0,002753A4,0,1,1,4294967295,0,0
Block,7104,0,0007FBF5,0,1,1,4294967295,0,0
Block,7136,0,002269A5,0,1,1,4294967295,0,0
Block,7168,0,002D48F3,0,1,1,4294967295,0,0
Block,7168,32,0018A690,0,1,1,4294967295,0,0
Block,7168,64,001D2C2B,0,1,1,4294967295,0,0
Block,7168,512,0034CE47,0,1,1,4294967295,0,0
Block,7168,544,00306737,0,1,1,4294967295,0,0
Block,7168,576,00258607,0,1,1,4294967295,0,0
Block,7136,576,003B3BF9,0,1,1,4294967295,0,0
Block,7104,576,002968A4,0,1,1,4294967295,0,0
Block,7072,576,00160610,0,1,1,4294967295,0,0
Block,7040,576,0011B796,0,1,1,4294967295,0,0
Block,7008,576,002983AC,0,1,1,4294967295,0,0
Block,6976,576,0024ED57,0,1,1,4294967295,0,0
Block,6944,576,0031B8A1,0,1,1,4294967295,0,0
Block,6912,576,002A7DC0,0,1,1,4294967295,0,0
Block,6880,576,00345375,0,1,1,4294967295,0,0
Block,6848,576,00306ECD,0,1,1,4294967295,0,0
Block,6816,576,0038D135,0,1,1,4294967295,0,0
Block,6784,576,000C0B3A,0,1,1,4294967295,0,0
Block,6752,576,000E987F,0,1,1,4294967295,0,0
Block,6720,576,00181649,0,1,1,4294967295,0,0
Block,6688,576,002AE9F6,0,1,1,4294967295,0,0
Block,6656,576,001DF40B,0,1,1,4294967295,0,0
Block,6624,576,002F1E8C,0,1,1,4294967295,0,0
Block,6592,576,001D8CDC,0,1,1,4294967295,0,0
Block,6560,576,003C73C8,0,1,1,4294967295,0,0
Block,6528,576,003C371B,0,1,1,4294967295,0,0
Block,6496,576,00009AC3,0,1,1,4294967295,0,0
Block,6464,576,00291695,0,1,1,4294967295,0,0
Block,6432,576,002B2254,0,1,1,4294967295,0,0
Block,6400,576,0033EC68,0,1,1,4294967295,0,0
Block,6400,512,001E7E24,0,1,1,4294967295,0,0
Block,6400,544,0012487C,0,1,1,4294967295,0,0
Block,6432,544,00261FF8,0,1,1,4294967295,0,0
Block,6432,512,00279CD3,0,1,1,4294967295,0,0
Block,6464,544,0005719A,0,1,1,4294967295,0,0
Block,7136,512,00323BFA,0,1,1,4294967295,0,0
Block,7136,544,00347402,0,1,1,4294967295,0,0
Block,7104,544,002FEC85,0,1,1,4294967295,0,0
Block,7104,32,001EED32,0,1,1,4294967295,0,0
Block,7136,32,00006AAB,0,1,1,4294967295,0,0
Block,7136,64,0016A50D,0,1,1,4294967295,0,0
Block,7200,64,000D700C,0,1,1,4294967295,0,0
Block,7232,64,00157ED2,0,1,1,4294967295,0,0
Block,7232,32,00395BB2,0,1,1,4294967295,0,0
Block,7200,32,00143600,0,1,1,4294967295,0,0
Block,7200,0,002B06B8,0,1,1,4294967295,0,0
Block,7232,0,00223CFB,0,1,1,4294967295,0,0
Block,7264,0,00027A60,0,1,1,4294967295,0,0
Block,7296,0,0015C63C,0,1,1,4294967295,0,0
Block,7328,0,002266F0,0,1,1,4294967295,0,0
Block,7360,0,0005A404,0,1,1,4294967295,0,0
Block,7392,0,00069320,0,1,1,4294967295,0,0
Block,7424,0,0033754E,0,1,1,4294967295,0,0
Block,7456,0,001ADAB1,0,1,1,4294967295,0,0
Block,7488,0,0038C949,0,1,1,4294967295,0,0
Block,7520,0,00129284,0,1,1,4294967295,0,0
Block,7552,0,0039A9BC,0,1,1,4294967295,0,0
Block,7584,0,000E93A8,0,1,1,4294967295,0,0
Block,7616,0,000E59BC,0,1,1,4294967295,0,0
Block,7648,0,003CDE29,0,1,1,4294967295,0,0
Block,7680,0,0039F0A8,0,1,1,4294967295,0,0
Block,7712,0,001DD74E,0,1,1,4294967295,0,0
Block,7744,0,0014DAC7,0,1,1,4294967295,0,0
Block,7776,0,00044F59,0,1,1,4294967295,0,0
Block,7808,0,0017AB05,0,1,1,4294967295,0,0
Block,7840,0,00310763,0,1,1,4294967295,0,0
Block,7872,0,00018B60,0,1,1,4294967295,0,0
Block,7904,0,003E1FE0,0,1,1,4294967295,0,0
Block,7936,0,0038C693,0,1,1,4294967295,0,0
Block,7968,0,00319FD5,0,1,1,4294967295,0,0
Block,7264,32,001C3C16,0,1,1,4294967295,0,0
Block,7200,512,0033B52A,0,1,1,4294967295,0,0
Block,7200,544,0003761D,0,1,1,4294967295,0,0
Block,7232,544,003AE066,0,1,1,4294967295,0,0
Block,7232,512,00113C83,0,1,1,4294967295,0,0
Block,7200,576,002AA719,0,1,1,4294967295,0,0
Block,7232,576,0025E46E,0,1,1,4294967295,0,0
Block,7264,544,0021882B,0,1,1,4294967295,0,0
Block,7264,576,00335976,0,1,1,4294967295,0,0
Block,7296,576,0012D437,0,1,1,4294967295,0,0
Block,7328,576,0021E669,0,1,1,4294967295,0,0
Block,7360,576,00180564,0,1,1,4294967295,0,0
Block,7392,576,0028C892,0,1,1,4294967295,0,0
Block,7424,576,000E2F07,0,1,1,4294967295,0,0
Block,7456,576,001E8A0F,0,1,1,4294967295,0,0
Block,7488,576,0015FC6B,0,1,1,4294967295,0,0
Block,7520,576,002E7DAF,0,1,1,4294967295,0,0
Block,7552,576,001F3AAA,0,1,1,4294967295,0,0
Block,7584,576,0039F81D,0,1,1,4294967295,0,0
Block,7616,576,00132EA9,0,1,1,4294967295,0,0
Block,7648,576,0039877A,0,1,1,4294967295,0,0
Block,7680,576,002905F3,0,1,1,4294967295,0,0
Block,7712,576,0023B508,0,1,1,4294967295,0,0
Block,7744,576,0002EF85,0,1,1,4294967295,0,0
Block,7776,576,0036C478,0,1,1,4294967295,0,0
Block,7808,576,00228709,0,1,1,4294967295,0,0
Block,7840,576,0004A4C8,0,1,1,4294967295,0,0
Block,7872,576,00206CFC,0,1,1,4294967295,0,0
Block,7904,576,002BEE74,0,1,1,4294967295,0,0
Block,7936,576,003022F6,0,1,1,4294967295,0,0
Block,7968,576,0012772A,0,1,1,4294967295,0,0
Block,7968,544,001290C6,0,1,1,4294967295,0,0
Block,7968,512,0038F805,0,1,1,4294967295,0,0
Block,7968,384,0006CEE1,0,1,1,4294967295,0,0
Block,7968,352,001AD8F7,0,1,1,4294967295,0,0
Block,7968,320,002EEDAA,0,1,1,4294967295,0,0
Block,7968,288,000F048F,0,1,1,4294967295,0,0
Block,7968,256,00150E1D,0,1,1,4294967295,0,0
Block,7968,224,001D352E,0,1,1,4294967295,0,0
Block,7968,192,00380577,0,1,1,4294967295,0,0
Block,7968,160,003EF4F7,0,1,1,4294967295,0,0
Block,7968,128,003182B1,0,1,1,4294967295,0,0
Block,7968,96,0024344A,0,1,1,4294967295,0,0
Block,7968,64,00385FDA,0,1,1,4294967295,0,0
Block,7968,32,001FBF7B,0,1,1,4294967295,0,0
Block,7904,32,003901D4,0,1,1,4294967295,0,0
Block,7936,32,000A5034,0,1,1,4294967295,0,0
Block,7936,64,000F3241,0,1,1,4294967295,0,0
Block,7904,544,000920EF,0,1,1,4294967295,0,0
Block,7936,544,0029C567,0,1,1,4294967295,0,0
Block,7936,512,002CF36A,0,1,1,4294967295,0,0
Block,7168,96,000303DC,0,1,1,4294967295,0,0
Block,7200,96,00371EE5,0,1,1,4294967295,0,0
Block,0,512,000CEA2D,0,1,1,4294967295,0,0
Block,32,512,001548F3,0,1,1,4294967295,0,0
Block,64,512,00393A86,0,1,1,4294967295,0,0
Block,96,512,0008D8C8,0,1,1,4294967295,0,0
Block,128,512,0012BE0A,0,1,1,4294967295,0,0
Block,160,512,0016990B,0,1,1,4294967295,0,0
Block,192,512,003AA9F3,0,1,1,4294967295,0,0
Block,224,512,0025049D,0,1,1,4294967295,0,0
Block,256,512,00090062,0,1,1,4294967295,0,0
Block,288,512,00225BB1,0,1,1,4294967295,0,0
Block,320,512,0027ED98,0,1,1,4294967295,0,0
Block,352,512,000884D8,0,1,1,4294967295,0,0
Block,384,512,001B4252,0,1,1,4294967295,0,0
Block,416,512,0008DDCD,0,1,1,4294967295,0,0
Block,448,512,0002A823,0,1,1,4294967295,0,0
Block,480,512,002B06BD,0,1,1,4294967295,0,0
Block,512,512,00385244,0,1,1,4294967295,0,0
Block,544,512,002D5424,0,1,1,4294967295,0,0
Block,576,512,00332769,0,1,1,4294967295,0,0
Block,608,512,0024DC79,0,1,1,4294967295,0,0
Block,640,512,00005B29,0,1,1,4294967295,0,0
Block,672,512,0038622A,0,1,1,4294967295,0,0
Block,704,512,00259E06,0,1,1,4294967295,0,0
Block,736,512,003E5EF6,0,1,1,4294967295,0,0
Block,768,512,002E7A77,0,1,1,4294967295,0,0
Block,768,544,00205DA1,0,1,1,4294967295,0,0
Block,736,544,000B095D,0,1,1,4294967295,0,0
Block,768,576,00251462,0,1,1,4294967295,0,0
Block,0,384,0006A98E,0,1,1,4294967295,0,0
Block,32,416,003F29DB,0,1,1,4294967295,0,0
Block,0,416,001DF2A0,0,1,1,4294967295,0,0
Block,64,416,002FB250,0,1,1,4294967295,0,0
Block,96,416,0036BE36,0,1,1,4294967295,0,0
Block,128,416,000584AC,0,1,1,4294967295,0,0
Block,160,416,000731E2,0,1,1,4294967295,0,0
Block,192,416,002CAF3E,0,1,1,4294967295,0,0
Block,224,416,002DFF07,0,1,1,4294967295,0,0
Block,256,416,002C859D,0,1,1,4294967295,0,0
Block,288,416,001D9D9A,0,1,1,4294967295,0,0
Block,320,416,00178835,0,1,1,4294967295,0,0
Block,352,416,00299DD1,0,1,1,4294967295,0,0
Block,0,352,002D7CB0,0,1,1,4294967295,0,0
Block,0,320,001A6F61,0,1,1,4294967295,0,0
Block,0,288,002F86F4,0,1,1,4294967295,0,0
Block,0,256,0028CA85,0,1,1,4294967295,0,0
Block,0,224,00026DDC,0,1,1,4294967295,0,0
Block,0,192,001C032C,0,1,1,4294967295,0,0
Block,0,160,003D501F,0,1,1,4294967295,0,0
Block,0,128,0031B38C,0,1,1,4294967295,0,0
Block,0,96,00378FC7,0,1,1,4294967295,0,0
Block,0,64,001939DC,0,1,1,4294967295,0,0
Block,0,32,00202B8E,0,1,1,4294967295,0,0
Block,0,0,00042F5E,0,1,1,4294967295,0,0
Block,32,0,00202C27,0,1,1,4294967295,0,0
Block,64,0,0023D49A,0,1,1,4294967295,0,0
Block,96,0,0008860C,0,1,1,4294967295,0,0
Block,128,0,0018522E,0,1,1,4294967295,0,0
Block,192,0,002DCAC8,0,1,1,4294967295,0,0
Block,256,0,00170FF9,0,1,1,4294967295,0,0
Block,320,0,00150FAC,0,1,1,4294967295,0,0
Block,384,0,00224DD1,0,1,1,4294967295,0,0
Block,448,0,0011D686,0,1,1,4294967295,0,0
Block,480,0,000E7035,0,1,1,4294967295,0,0
Block,544,0,0001F2B5,0,1,1,4294967295,0,0
Block,576,0,001EBD18,0,1,1,4294967295,0,0
Block,608,0,003A19A5,0,1,1,4294967295,0,0
Block,640,0,002FD872,0,1,1,4294967295,0,0
Block,672,0,0022B1A5,0,1,1,4294967295,0,0
Block,704,0,003561E0,0,1,1,4294967295,0,0
Block,736,0,002185FD,0,1,1,4294967295,0,0
Block,768,0,0011DDA1,0,1,1,4294967295,0,0
Block,160,0,00000B46,0,1,1,4294967295,0,0
Block,224,0,0018E59F,0,1,1,4294967295,0,0
Block,288,0,00275557,0,1,1,4294967295,0,0
Block,352,0,002D6FB6,0,1,1,4294967295,0,0
Block,416,0,001E7391,0,1,1,4294967295,0,0
Block,512,0,003B2DB6,0,1,1,4294967295,0,0
Block,32,32,00296A1C,0,1,1,4294967295,0,0
Block,32,64,00323ED8,0,1,1,4294967295,0,0
Block,64,32,00086720,0,1,1,4294967295,0,0
Block,736,32,000467CC,0,1,1,4294967295,0,0
Block,768,32,0029E247,0,1,1,4294967295,0,0
Block,768,64,003B8816,0,1,1,4294967295,0,0
Block,384,416,0018BC46,0,1,1,4294967295,0,0
Block,416,416,0028425F,0,1,1,4294967295,0,0
Block,448,416,001E7BD2,0,1,1,4294967295,0,0
Block,480,416,0010CFC7,0,1,1,4294967295,0,0
Block,512,416,000BCD96,0,1,1,4294967295,0,0
Block,544,416,001822FC,0,1,1,4294967295,0,0
Block,576,416,0029E10A,0,1,1,4294967295,0,0
Block,608,416,00131891,0,1,1,4294967295,0,0
Block,640,416,001CE040,0,1,1,4294967295,0,0
Block,672,416,001483AC,0,1,1,4294967295,0,0
Block,704,416,002EB060,0,1,1,4294967295,0,0
Block,736,416,001D1931,0,1,1,4294967295,0,0
Block,768,416,0005C789,0,1,1,4294967295,0,0
Block,800,416,002CF49A,0,1,1,4294967295,0,0
TextDraw,400,224,865E3F05,0,1,1,4294967295,0,1
Block,768,96,0007A2FA,0,1,1,4294967295,0,0
Block,768,128,000559E9,0,1,1,4294967295,0,0
Block,768,160,002E71BC,0,1,1,4294967295,0,0
Block,768,192,000814F2,0,1,1,4294967295,0,0
Block,768,224,0021FD60,0,1,1,4294967295,0,0
Block,768,256,00090085,0,1,1,4294967295,0,0
Block,768,288,003807BD,0,1,1,4294967295,0,0
Block,768,320,000D6F5A,0,1,1,4294967295,0,0
Block,768,352,00044044,0,1,1,4294967295,0,0
Block,768,384,003ADDC7,0,1,1,4294967295,0,0
Block,704,32,00122596,0,1,1,4294967295,0,0
Block,736,64,0031BC87,0,1,1,4294967295,0,0
Block,1568,128,000420E3,0,1,1,4294967295,0,0
Block,1568,160,000F9E3C,0,1,1,4294967295,0,0
Block,1568,192,001C96B0,0,1,1,4294967295,0,0
Block,1568,224,00324A67,0,1,1,4294967295,0,0
Block,1568,256,002B7871,0,1,1,4294967295,0,0
Block,1568,288,001F8448,0,1,1,4294967295,0,0
Block,1568,320,0008A05F,0,1,1,4294967295,0,0
Block,1600,320,003D74D5,0,1,1,4294967295,0,0
Block,1600,288,00225A48,0,1,1,4294967295,0,0
Block,1600,256,0003DFDC,0,1,1,4294967295,0,0
Block,1600,128,000ACE39,0,1,1,4294967295,0,0
Block,1600,160,0004BA55,0,1,1,4294967295,0,0
Block,1600,192,0018FA76,0,1,1,4294967295,0,0
Block,1600,224,0012DB3B,0,1,1,4294967295,0,0
Block,2368,128,0024981D,0,1,1,4294967295,0,0
Block,2368,160,003B140A,0,1,1,4294967295,0,0
Block,2368,192,002F8315,0,1,1,4294967295,0,0
Block,2368,224,001479FF,0,1,1,4294967295,0,0
Block,2368,256,001507C1,0,1,1,4294967295,0,0
Block,2368,288,001B2FAF,0,1,1,4294967295,0,0
Block,2368,320,0005580A,0,1,1,4294967295,0,0
Block,2368,352,0040334F,0,1,1,4294967295,0,0
Block,2400,352,0031778A,0,1,1,4294967295,0,0
Block,2400,320,003DB5C1,0,1,1,4294967295,0,0
Block,2400,288,000B69B8,0,1,1,4294967295,0,0
Block,2400,256,003D20D2,0,1,1,4294967295,0,0
Block,2400,224,003D8ECC,0,1,1,4294967295,0,0
Block,2400,192,0034A761,0,1,1,4294967295,0,0
Block,2400,160,003048BF,0,1,1,4294967295,0,0
Block,2400,128,00222C93,0,1,1,4294967295,0,0
Block,1568,352,002862D1,0,1,1,4294967295,0,0
Block,1600,352,003B8E8A,0,1,1,4294967295,0,0
Block,3168,128,00184872,0,1,1,4294967295,0,0
Block,3168,160,003D3A32,0,1,1,4294967295,0,0
Block,3168,192,001A18AA,0,1,1,4294967295,0,0
Block,3168,224,00167324,0,1,1,4294967295,0,0
Block,3168,256,003CD8B4,0,1,1,4294967295,0,0
Block,3168,288,003102E2,0,1,1,4294967295,0,0
Block,3168,320,0016273B,0,1,1,4294967295,0,0
Block,3168,352,00245CFB,0,1,1,4294967295,0,0
Block,3200,352,00183B9D,0,1,1,4294967295,0,0
Block,3200,320,0001729C,0,1,1,4294967295,0,0
Block,3200,288,00108194,0,1,1,4294967295,0,0
Block,3200,256,001CE6EA,0,1,1,4294967295,0,0
Block,3200,224,00292363,0,1,1,4294967295,0,0
Block,3200,192,0017A47A,0,1,1,4294967295,0,0
Block,3200,160,003ED14E,0,1,1,4294967295,0,0
Block,3200,128,0011A093,0,1,1,4294967295,0,0
Block,5568,384,002EB4B2,0,1,1,4294967295,0,0
Block,5568,352,000FA298,0,1,1,4294967295,0,0
Block,5568,320,0010AEB8,0,1,1,4294967295,0,0
Block,5568,288,001CC13D,0,1,1,4294967295,0,0
Block,5568,256,00197D6B,0,1,1,4294967295,0,0
Block,5568,224,000BB830,0,1,1,4294967295,0,0
Block,5568,192,0024FA73,0,1,1,4294967295,0,0
Block,5568,160,003E6392,0,1,1,4294967295,0,0
Block,5568,128,00163B8C,0,1,1,4294967295,0,0
Block,5600,128,00404449,0,1,1,4294967295,0,0
Block,5600,160,000752CF,0,1,1,4294967295,0,0
Block,5600,192,00047FDA,0,1,1,4294967295,0,0
Block,5600,224,00358645,0,1,1,4294967295,0,0
Block,5600,256,00115771,0,1,1,4294967295,0,0
Block,5600,288,000F9904,0,1,1,4294967295,0,0
Block,5600,320,001555D7,0,1,1,4294967295,0,0
Block,5600,352,0033E6BE,0,1,1,4294967295,0,0
Block,5600,384,0014C22C,0,1,1,4294967295,0,0
Block,6368,128,001401D4,0,1,1,4294967295,0,0
Block,6368,160,0011529C,0,1,1,4294967295,0,0
Block,6368,192,0008E9E3,0,1,1,4294967295,0,0
Block,6368,224,000720C3,0,1,1,4294967295,0,0
Block,6368,256,00238AAA,0,1,1,4294967295,0,0
Block,6368,288,00171E02,0,1,1,4294967295,0,0
Block,6368,320,00077CAA,0,1,1,4294967295,0,0
Block,6368,352,0029E18B,0,1,1,4294967295,0,0
Block,6368,384,002422AD,0,1,1,4294967295,0,0
Block,6400,128,00326DB0,0,1,1,4294967295,0,0
Block,6400,160,000741AA,0,1,1,4294967295,0,0
Block,6400,192,003DA567,0,1,1,4294967295,0,0
Block,6400,224,002B74EF,0,1,1,4294967295,0,0
Block,6400,256,000D5983,0,1,1,4294967295,0,0
Block,6400,384,00017CEB,0,1,1,4294967295,0,0
Block,6400,352,0029C0ED,0,1,1,4294967295,0,0
Block,6400,320,002A5013,0,1,1,4294967295,0,0
Block,6400,288,0019D6D7,0,1,1,4294967295,0,0
Block,7168,128,001A67E2,0,1,1,4294967295,0,0
Block,7168,160,000C7C74,0,1,1,4294967295,0,0
Block,7168,192,000A5469,0,1,1,4294967295,0,0
Block,7168,224,003B8EF1,0,1,1,4294967295,0,0
Block,7168,256,0024653F,0,1,1,4294967295,0,0
Block,7168,288,0000B33E,0,1,1,4294967295,0,0
Block,7168,320,000CC759,0,1,1,4294967295,0,0
Block,7168,352,002F0891,0,1,1,4294967295,0,0
Block,7168,384,001CD28C,0,1,1,4294967295,0,0
Block,7200,128,00188DEB,0,1,1,4294967295,0,0
Block,7200,160,00282F09,0,1,1,4294967295,0,0
Block,7200,192,0000BB70,0,1,1,4294967295,0,0
Block,7200,224,003DFF77,0,1,1,4294967295,0,0
Block,7200,256,003549E7,0,1,1,4294967295,0,0
Block,7200,288,003728CE,0,1,1,4294967295,0,0
Block,7200,320,001A81C7,0,1,1,4294967295,0,0
Block,7200,352,003BCB54,0,1,1,4294967295,0,0
Block,7200,384,00305C8D,0,1,1,4294967295,0,0
Block,1568,384,001F769C,0,1,1,4294967295,0,0
Block,1600,384,002E4839,0,1,1,4294967295,0,0
Block,2368,384,001149B1,0,1,1,4294967295,0,0
Block,2400,384,003A1469,0,1,1,4294967295,0,0
Block,3168,384,000AE351,0,1,1,4294967295,0,0
Block,3200,384,0027049E,0,1,1,4294967295,0,0
Block,4000,576,00060AD2,0,1,1,4294967295,0,0
Block,4032,544,001EDBD1,0,1,1,4294967295,0,0
Block,0,544,00279134,0,1,1,4294967295,0,0
Block,0,576,003BE6AE,0,1,1,4294967295,0,0
Block,32,544,0006F700,0,1,1,4294967295,0,0
Block,32,384,0012D81E,0,1,1,4294967295,0,0
Block,736,384,0016FA5A,0,1,1,4294967295,0,0
Block,8000,384,002F0197,0,1,1,4294967295,0,0
Block,8000,512,002BAADC,0,1,1,4294967295,0,0
WarpToHub,4128,352,0015E93D,0,1,1,4294967295,0,0
WarpToHubPoint,7936,480,0008A553,0,1,1,4294967295,0,0
FunnyRenexPainting,4400,112,002FA7CF,0,1,1,4294967295,0,0
OutsideWarp,-32,448,45620E84,0,1,1,4294967295,0,1
TimerFreeze,832,128,000B03F7,0,1,1,4294967295,0,0
StarSpawner,896,128,00026508,0,1,1,4294967295,0,0
Camera,864,128,002E774E,0,1,1,4294967295,0,0
BeamHighSpeed,16,480,000AFFD3,0,1,1,4294967295,0,0
BeamHighSpeed,16,448,002F3147,0,1,1,4294967295,0,0
BeamLowGrav,16,448,002FA996,0,1,1,4294967295,0,0
BeamLowGrav,16,480,00338C17,0,1,1,4294967295,0,0
GlobalItem4,4192,352,807D2A41,0,1,1,4294967295,0,1
Clouds,896,160,002A3A35,0,1,1,4294967295,0,0
MusicPlayerOnce,832,160,0035301C,0,1,1,4294967295,0,0
GlobalItem2,4192,352,AE2DE3C1,0,1,1,4294967295,0,1
GlobalItem3,4192,352,B9058701,0,1,1,4294967295,0,1
RenSave,4128,352,002CA8DC,0,1,1,4294967295,0,0
OutsideWarp,8000,416,CA4E0D40,0,1,1,4294967295,0,1
RenSave,7936,480,00059CF8,0,1,1,4294967295,0,0
PlayerStart,0,480,000B550C,0,1,1,4294967295,0,0
