WhiteRoomShadow,96,32,00355809,0,1,1,4294967295,0,0
RenTiler,32,32,200B1E59,0,1,1,4294967295,0,1
Block,512,576,001A1B1C,0,1,1,4294967295,0,0
Block,480,576,0031A2F6,0,1,1,4294967295,0,0
Block,448,576,0031D606,0,1,1,4294967295,0,0
Block,416,576,0008CD44,0,1,1,4294967295,0,0
Block,384,576,002BFA96,0,1,1,4294967295,0,0
Block,352,576,0020C3B2,0,1,1,4294967295,0,0
Block,320,576,00050936,0,1,1,4294967295,0,0
Block,288,576,003F27DF,0,1,1,4294967295,0,0
Block,256,576,000C4C1C,0,1,1,4294967295,0,0
Block,224,576,00200BF2,0,1,1,4294967295,0,0
Block,192,576,00036F41,0,1,1,4294967295,0,0
Block,160,576,00209A3B,0,1,1,4294967295,0,0
Block,128,576,000D91F9,0,1,1,4294967295,0,0
Block,96,576,000FDBDC,0,1,1,4294967295,0,0
Block,64,576,0032B844,0,1,1,4294967295,0,0
Block,32,576,00199403,0,1,1,4294967295,0,0
Block,0,576,00038D04,0,1,1,4294967295,0,0
Block,0,544,0021C29F,0,1,1,4294967295,0,0
Block,0,512,001C9709,0,1,1,4294967295,0,0
Block,0,480,0014E7EC,0,1,1,4294967295,0,0
Block,0,448,0030FDC4,0,1,1,4294967295,0,0
Block,0,416,00395576,0,1,1,4294967295,0,0
Block,0,384,0036D837,0,1,1,4294967295,0,0
Block,0,352,0038070A,0,1,1,4294967295,0,0
Block,0,320,00101DC6,0,1,1,4294967295,0,0
Block,0,288,0003B5CF,0,1,1,4294967295,0,0
Block,0,256,001538C5,0,1,1,4294967295,0,0
Block,0,224,001E4C96,0,1,1,4294967295,0,0
Block,0,192,002712BA,0,1,1,4294967295,0,0
Block,0,160,003DFD36,0,1,1,4294967295,0,0
Block,0,128,002D37A2,0,1,1,4294967295,0,0
Block,0,96,001FD837,0,1,1,4294967295,0,0
Block,0,64,0009FFB6,0,1,1,4294967295,0,0
Block,0,32,0001031F,0,1,1,4294967295,0,0
Block,0,0,00061833,0,1,1,4294967295,0,0
Block,32,0,001453F1,0,1,1,4294967295,0,0
Block,64,0,000765F1,0,1,1,4294967295,0,0
Block,96,0,00105F30,0,1,1,4294967295,0,0
Block,128,0,001E494F,0,1,1,4294967295,0,0
Block,160,0,003A648C,0,1,1,4294967295,0,0
Block,192,0,00167E7A,0,1,1,4294967295,0,0
Block,224,0,002B5D79,0,1,1,4294967295,0,0
Block,256,0,000EEF1D,0,1,1,4294967295,0,0
Block,288,0,000A1FC8,0,1,1,4294967295,0,0
Block,320,0,001047D3,0,1,1,4294967295,0,0
Block,352,0,003C3C44,0,1,1,4294967295,0,0
Block,384,0,002A4C59,0,1,1,4294967295,0,0
Block,416,0,00173F17,0,1,1,4294967295,0,0
Block,448,0,001C0777,0,1,1,4294967295,0,0
Block,480,0,000D4AEC,0,1,1,4294967295,0,0
Block,512,0,00084E82,0,1,1,4294967295,0,0
Block,544,0,002D1E61,0,1,1,4294967295,0,0
Block,576,0,00381413,0,1,1,4294967295,0,0
Block,608,0,0010207C,0,1,1,4294967295,0,0
Block,640,0,0032A7AC,0,1,1,4294967295,0,0
Block,672,0,003947FE,0,1,1,4294967295,0,0
Block,704,0,0007B896,0,1,1,4294967295,0,0
Block,736,0,003D78A1,0,1,1,4294967295,0,0
Block,768,0,0034AFF7,0,1,1,4294967295,0,0
Block,768,32,000D1C96,0,1,1,4294967295,0,0
Block,768,64,00171C4A,0,1,1,4294967295,0,0
Block,768,96,003136C5,0,1,1,4294967295,0,0
Block,768,128,003CAEC6,0,1,1,4294967295,0,0
Block,768,160,0024727C,0,1,1,4294967295,0,0
Block,768,192,003BD50F,0,1,1,4294967295,0,0
Block,768,224,001E3221,0,1,1,4294967295,0,0
Block,768,256,00302A96,0,1,1,4294967295,0,0
Block,768,288,003F2DF0,0,1,1,4294967295,0,0
Block,768,320,00251236,0,1,1,4294967295,0,0
Block,768,352,0038FD04,0,1,1,4294967295,0,0
Block,768,384,0001B3AC,0,1,1,4294967295,0,0
Block,768,416,002C8F75,0,1,1,4294967295,0,0
Block,768,448,0020B83A,0,1,1,4294967295,0,0
Block,768,480,001BFBA9,0,1,1,4294967295,0,0
Block,768,512,0003B064,0,1,1,4294967295,0,0
Block,768,544,001DF927,0,1,1,4294967295,0,0
Block,768,576,0015808B,0,1,1,4294967295,0,0
Block,736,576,002BAFE5,0,1,1,4294967295,0,0
Block,704,576,00201AA7,0,1,1,4294967295,0,0
Block,672,576,002962A2,0,1,1,4294967295,0,0
Block,640,576,00093430,0,1,1,4294967295,0,0
Block,608,576,000C791D,0,1,1,4294967295,0,0
Block,576,576,00393494,0,1,1,4294967295,0,0
Block,544,576,0003B7BD,0,1,1,4294967295,0,0
Block,320,416,002B2EE0,0,1,1,4294967295,0,0
Block,96,352,00157B60,0,1,1,4294967295,0,0
Block,96,224,0030160C,0,1,1,4294967295,0,0
Block,224,224,00117458,0,1,1,4294967295,0,0
Block,224,352,00087DD8,0,1,1,4294967295,0,0
Block,352,448,001A4CF1,0,1,1,4294967295,0,0
Block,128,448,0017BB98,0,1,1,4294967295,0,0
Block,224,480,0003CE30,0,1,1,4294967295,0,0
Block,608,320,0039E09B,0,1,1,4294967295,0,0
Block,736,320,00090821,0,1,1,4294967295,0,0
Block,512,128,002379AC,0,1,1,4294967295,0,0
Block,384,64,002CE664,0,1,1,4294967295,0,0
Block,736,192,00372BD2,0,1,1,4294967295,0,0
Block,160,96,001A8BF6,0,1,1,4294967295,0,0
Block,736,448,003FAEC8,0,1,1,4294967295,0,0
Block,608,192,00174EF3,0,1,1,4294967295,0,0
Block,480,416,000AB63F,0,1,1,4294967295,0,0
Block,608,448,001CD27D,0,1,1,4294967295,0,0
RenKillerLogo,469,275,000E4ACB,0,1,1,4294967295,0,0
Block,480,448,0028AD62,0,1,1,4294967295,0,0
WarpToHub,352,416,00011EED,0,1,1,4294967295,0,0
RenFrog2,352,544,00238B32,0,1,1,4294967295,0,0
RenFrog2,96,192,002DE6EF,0,1,1,4294967295,0,0
RenFrog2,608,416,000F209B,0,1,1,4294967295,0,0
RenFrog2,608,288,0029C692,0,1,1,4294967295,0,0
RenFrog2,608,160,00034499,0,1,1,4294967295,0,0
RenSpikeUp,288,544,0005AF45,0,1,1,4294967295,0,0
RenSpikeUp,256,544,00079AE7,0,1,1,4294967295,0,0
RenSpikeUp,224,544,000CE33F,0,1,1,4294967295,0,0
RenSpikeUp,192,544,003D7D30,0,1,1,4294967295,0,0
RenSpikeUp,128,544,002B48DA,0,1,1,4294967295,0,0
RenSpikeUp,64,544,00244F3B,0,1,1,4294967295,0,0
RenSpikeUp,96,544,003C2351,0,1,1,4294967295,0,0
RenSpikeUp,224,448,0028F28A,0,1,1,4294967295,0,0
RenSpikeUp,320,544,0014BAF7,0,1,1,4294967295,0,0
RenSpikeUp,384,544,00385475,0,1,1,4294967295,0,0
RenSpikeUp,416,544,0002F5E4,0,1,1,4294967295,0,0
RenSpikeUp,448,544,0038B834,0,1,1,4294967295,0,0
RenSpikeUp,512,544,001D18C4,0,1,1,4294967295,0,0
RenSpikeUp,544,544,0010B27B,0,1,1,4294967295,0,0
RenSpikeUp,576,544,00225FB1,0,1,1,4294967295,0,0
RenSpikeUp,640,544,0035706F,0,1,1,4294967295,0,0
RenSpikeUp,672,544,00368B89,0,1,1,4294967295,0,0
RenSpikeUp,704,544,00136EC3,0,1,1,4294967295,0,0
RenSpikeUp,224,320,0036E0DE,0,1,1,4294967295,0,0
RenSpikeUp,96,320,003A22F0,0,1,1,4294967295,0,0
RenSpikeUp,480,384,00092F0D,0,1,1,4294967295,0,0
RenSpikeUp,160,240,0037435F,0,1,1,4294967295,0,0
RenSpikeUp,160,544,00341B2F,0,1,1,4294967295,0,0
RenSpikeUp,32,544,0011CB52,0,1,1,4294967295,0,0
RenWin,176,304,001B478A,0,1,1,4294967295,0,0
RenSave,352,416,0034BBA7,0,1,1,4294967295,0,0
RenSpikeDown,224,256,000BCF30,0,1,1,4294967295,0,0
RenSpikeDown,96,256,003EF2F3,0,1,1,4294967295,0,0
RenSpikeRight,128,352,00220138,0,1,1,4294967295,0,0
RenSpikeRight,128,224,00242923,0,1,1,4294967295,0,0
RenSpikeLeft,192,352,003FD1A5,0,1,1,4294967295,0,0
RenSpikeLeft,192,224,0024871A,0,1,1,4294967295,0,0
RenSpikeDown,224,384,0005BF27,0,1,1,4294967295,0,0
RenSpikeLeft,96,448,0018F7F4,0,1,1,4294967295,0,0
RenSpikeDown,96,384,00387479,0,1,1,4294967295,0,0
RenSpikeDown,128,480,00110EB4,0,1,1,4294967295,0,0
RenSpikeRight,160,448,000BDC18,0,1,1,4294967295,0,0
RenSpikeRight,256,224,00099F7C,0,1,1,4294967295,0,0
RenSpikeRight,256,352,00020702,0,1,1,4294967295,0,0
RenSpikeLeft,64,352,00322C85,0,1,1,4294967295,0,0
RenSpikeLeft,64,224,00053260,0,1,1,4294967295,0,0
RenFrog,736,544,00214EF3,0,1,1,4294967295,0,0
RenSpikeRight,256,480,0032BB0D,0,1,1,4294967295,0,0
RenSpikeRight,640,192,0035397A,0,1,1,4294967295,0,0
RenSpikeDown,608,352,00145EBF,0,1,1,4294967295,0,0
RenSpikeRight,192,96,000150CF,0,1,1,4294967295,0,0
RenSpikeLeft,128,96,0020D649,0,1,1,4294967295,0,0
RenSpikeLeft,192,480,003BCBD0,0,1,1,4294967295,0,0
RenFrog,736,288,0031CA01,0,1,1,4294967295,0,0
RenSpikeDown,608,224,0004BE87,0,1,1,4294967295,0,0
RenSpikeRight,544,128,002A997C,0,1,1,4294967295,0,0
RenSpikeLeft,480,128,00177AFB,0,1,1,4294967295,0,0
RenSpikeDown,512,160,0015904A,0,1,1,4294967295,0,0
RenSpikeDown,736,352,002E3F12,0,1,1,4294967295,0,0
RenSpikeDown,736,480,00082576,0,1,1,4294967295,0,0
RenSpikeDown,736,224,0036D9C5,0,1,1,4294967295,0,0
RenSpikeDown,608,480,00241E9D,0,1,1,4294967295,0,0
RenSpikeLeft,576,448,00140FB9,0,1,1,4294967295,0,0
RenSpikeLeft,704,320,001A445D,0,1,1,4294967295,0,0
RenSpikeDown,608,32,00304FE6,0,1,1,4294967295,0,0
RenSpikeDown,384,96,003359C9,0,1,1,4294967295,0,0
RenSpikeLeft,704,192,0029F0EC,0,1,1,4294967295,0,0
RenSpikeLeft,112,288,0033AFD8,0,1,1,4294967295,0,0
RenSpikeRight,208,288,00299EC3,0,1,1,4294967295,0,0
RenTrapStar,672,32,0017CC7A,0,1,1,4294967295,0,0
RenSpikeDown,736,32,000C2A5B,0,1,1,4294967295,0,0
RenApple,160,64,003B19C7,0,1,1,4294967295,0,0
MusicPlayer,64,32,0019B97C,0,1,1,4294967295,0,0
DodgeBall,528,112,00281CEA,0,1,1,4294967295,0,0
Item2,736,160,001637BC,0,1,1,4294967295,0,0
RenSpikeLeft,352,64,00149189,0,1,1,4294967295,0,0
RenSpikeRight,416,64,00322231,0,1,1,4294967295,0,0
RenSpikeDown,480,480,0008EF41,0,1,1,4294967295,0,0
RenFrog,480,544,001943FA,0,1,1,4294967295,0,0
RenTrapStar,576,32,0034F534,0,1,1,4294967295,0,0
RenSpikeLeft,576,320,00001C7C,0,1,1,4294967295,0,0
PlayerStart,320,384,003DF645,0,1,1,4294967295,0,0
RenSkull,384,32,003275DF,0,1,1,4294967295,0,0
