WhiteRoomShadow,96,32,001EFD59,0,1,1,4294967295,0,0
RenTiler,32,32,200B1E59,0,1,1,4294967295,0,1
Block,512,576,0032709F,0,1,1,4294967295,0,0
Block,480,576,002DFDC1,0,1,1,4294967295,0,0
Block,448,576,001CAAD8,0,1,1,4294967295,0,0
Block,416,576,000F30E3,0,1,1,4294967295,0,0
Block,384,576,000EC89E,0,1,1,4294967295,0,0
Block,352,576,0014BF93,0,1,1,4294967295,0,0
Block,320,576,002E1DFC,0,1,1,4294967295,0,0
Block,288,576,001E9FD5,0,1,1,4294967295,0,0
Block,256,576,0006CA10,0,1,1,4294967295,0,0
Block,224,576,0036BDE5,0,1,1,4294967295,0,0
Block,192,576,002C8499,0,1,1,4294967295,0,0
Block,160,576,000B46B5,0,1,1,4294967295,0,0
Block,128,576,00138A57,0,1,1,4294967295,0,0
Block,96,576,002FA824,0,1,1,4294967295,0,0
Block,64,576,0016ADE0,0,1,1,4294967295,0,0
Block,32,576,0027DD71,0,1,1,4294967295,0,0
Block,0,576,000C13ED,0,1,1,4294967295,0,0
Block,0,544,002935B9,0,1,1,4294967295,0,0
Block,0,512,00081100,0,1,1,4294967295,0,0
Block,0,480,00209647,0,1,1,4294967295,0,0
Block,0,448,001D5F05,0,1,1,4294967295,0,0
Block,0,416,0000BFAA,0,1,1,4294967295,0,0
Block,0,384,0004316F,0,1,1,4294967295,0,0
Block,0,352,00008785,0,1,1,4294967295,0,0
Block,0,320,0015B9B8,0,1,1,4294967295,0,0
Block,0,288,000DBB97,0,1,1,4294967295,0,0
Block,0,256,00151485,0,1,1,4294967295,0,0
Block,0,224,002CAFB6,0,1,1,4294967295,0,0
Block,0,192,002C4CBF,0,1,1,4294967295,0,0
Block,0,160,001D1A12,0,1,1,4294967295,0,0
Block,0,128,0001EFB4,0,1,1,4294967295,0,0
Block,0,96,00253C79,0,1,1,4294967295,0,0
Block,0,64,001E0E3E,0,1,1,4294967295,0,0
Block,0,32,001D115C,0,1,1,4294967295,0,0
Block,0,0,002C48E0,0,1,1,4294967295,0,0
Block,32,0,0000867E,0,1,1,4294967295,0,0
Block,64,0,00397FBF,0,1,1,4294967295,0,0
Block,96,0,003D3B06,0,1,1,4294967295,0,0
Block,128,0,0012576D,0,1,1,4294967295,0,0
Block,160,0,00292E42,0,1,1,4294967295,0,0
Block,192,0,00087724,0,1,1,4294967295,0,0
Block,224,0,002684CC,0,1,1,4294967295,0,0
Block,256,0,003D519C,0,1,1,4294967295,0,0
Block,288,0,0013E775,0,1,1,4294967295,0,0
Block,320,0,000583EB,0,1,1,4294967295,0,0
Block,352,0,000BC2A8,0,1,1,4294967295,0,0
Block,384,0,001363E4,0,1,1,4294967295,0,0
Block,416,0,0004FAE3,0,1,1,4294967295,0,0
Block,448,0,003236F6,0,1,1,4294967295,0,0
Block,480,0,00215BC3,0,1,1,4294967295,0,0
Block,512,0,003B0753,0,1,1,4294967295,0,0
Block,544,0,002E7138,0,1,1,4294967295,0,0
Block,576,0,00341E7D,0,1,1,4294967295,0,0
Block,608,0,003F0199,0,1,1,4294967295,0,0
Block,640,0,000916BF,0,1,1,4294967295,0,0
Block,672,0,00338D2B,0,1,1,4294967295,0,0
Block,704,0,0023EFAC,0,1,1,4294967295,0,0
Block,736,0,0007B244,0,1,1,4294967295,0,0
Block,768,0,002F571D,0,1,1,4294967295,0,0
Block,768,32,00363CEB,0,1,1,4294967295,0,0
Block,768,64,001F1C6B,0,1,1,4294967295,0,0
Block,768,96,003FD88F,0,1,1,4294967295,0,0
Block,768,128,003EC992,0,1,1,4294967295,0,0
Block,768,160,000A1B6E,0,1,1,4294967295,0,0
Block,768,192,003A28A6,0,1,1,4294967295,0,0
Block,768,224,0007391A,0,1,1,4294967295,0,0
Block,768,256,002D5193,0,1,1,4294967295,0,0
Block,768,288,0007C017,0,1,1,4294967295,0,0
Block,768,320,001C2196,0,1,1,4294967295,0,0
Block,768,352,0034B38A,0,1,1,4294967295,0,0
Block,768,384,000E3B2A,0,1,1,4294967295,0,0
Block,768,416,003DBF12,0,1,1,4294967295,0,0
Block,768,448,0033CFE3,0,1,1,4294967295,0,0
Block,768,480,0010C8C2,0,1,1,4294967295,0,0
Block,768,512,002D3652,0,1,1,4294967295,0,0
Block,768,544,0032C66B,0,1,1,4294967295,0,0
Block,768,576,0033F8DA,0,1,1,4294967295,0,0
Block,736,576,003B3563,0,1,1,4294967295,0,0
Block,704,576,002B4975,0,1,1,4294967295,0,0
Block,672,576,00051E3A,0,1,1,4294967295,0,0
Block,640,576,000674E4,0,1,1,4294967295,0,0
Block,608,576,001A2E19,0,1,1,4294967295,0,0
Block,576,576,0006E8A7,0,1,1,4294967295,0,0
Block,544,576,002FADFD,0,1,1,4294967295,0,0
Block,320,416,001420AD,0,1,1,4294967295,0,0
Block,96,352,001F792C,0,1,1,4294967295,0,0
Block,96,224,00024367,0,1,1,4294967295,0,0
Block,224,224,0016F6CF,0,1,1,4294967295,0,0
Block,224,352,00168D64,0,1,1,4294967295,0,0
Block,352,448,001920C6,0,1,1,4294967295,0,0
Block,128,464,000FBEB4,0,1,1,4294967295,0,0
Block,224,480,003564A0,0,1,1,4294967295,0,0
Block,608,320,00251DDA,0,1,1,4294967295,0,0
Block,736,320,0027EAD2,0,1,1,4294967295,0,0
Block,512,128,0002F271,0,1,1,4294967295,0,0
Block,384,64,0008D0B8,0,1,1,4294967295,0,0
Block,736,192,002E806C,0,1,1,4294967295,0,0
Block,160,96,0007D8AD,0,1,1,4294967295,0,0
Block,736,448,001D9D14,0,1,1,4294967295,0,0
Block,608,192,0024E19C,0,1,1,4294967295,0,0
Block,480,416,002F46B9,0,1,1,4294967295,0,0
Block,608,448,002220A7,0,1,1,4294967295,0,0
Block,384,96,002045C6,0,1,1,4294967295,0,0
RenKillerLogo,469,275,002C2FA4,0,1,1,4294967295,0,0
WarpToHub,352,416,0009DBD1,0,1,1,4294967295,0,0
RenFrog2,352,544,0015F889,0,1,1,4294967295,0,0
RenFrog2,96,192,00345E2D,0,1,1,4294967295,0,0
RenFrog2,608,416,0026D8F5,0,1,1,4294967295,0,0
RenFrog2,608,288,0025415C,0,1,1,4294967295,0,0
RenFrog2,608,160,000672A2,0,1,1,4294967295,0,0
RenSpikeUp,288,544,0028C69F,0,1,1,4294967295,0,0
RenSpikeUp,256,544,002BEF8E,0,1,1,4294967295,0,0
RenSpikeUp,224,544,001F0543,0,1,1,4294967295,0,0
RenSpikeUp,192,544,00051A0C,0,1,1,4294967295,0,0
RenSpikeUp,128,544,0020A911,0,1,1,4294967295,0,0
RenSpikeUp,64,544,002704C2,0,1,1,4294967295,0,0
RenSpikeUp,96,544,00233BF7,0,1,1,4294967295,0,0
RenSpikeUp,224,448,00299575,0,1,1,4294967295,0,0
RenSpikeUp,320,544,003250C8,0,1,1,4294967295,0,0
RenSpikeUp,384,544,0003B224,0,1,1,4294967295,0,0
RenSpikeUp,416,544,002E68DD,0,1,1,4294967295,0,0
RenSpikeUp,448,544,002F609B,0,1,1,4294967295,0,0
RenSpikeUp,512,544,0026ACF3,0,1,1,4294967295,0,0
RenSpikeUp,544,544,000F2F75,0,1,1,4294967295,0,0
RenSpikeUp,576,544,000B2465,0,1,1,4294967295,0,0
RenSpikeUp,640,544,000F19ED,0,1,1,4294967295,0,0
RenSpikeUp,672,544,0005FC68,0,1,1,4294967295,0,0
RenSpikeUp,704,544,003C62FC,0,1,1,4294967295,0,0
RenSpikeUp,224,320,00084BCA,0,1,1,4294967295,0,0
RenSpikeUp,96,320,003A4D68,0,1,1,4294967295,0,0
RenSpikeUp,480,384,003F1420,0,1,1,4294967295,0,0
RenSpikeUp,160,240,00322DC8,0,1,1,4294967295,0,0
RenSpikeUp,160,544,000AB103,0,1,1,4294967295,0,0
RenSpikeUp,32,544,00396456,0,1,1,4294967295,0,0
RenWin,176,304,0006A5D5,0,1,1,4294967295,0,0
RenSave,352,416,000A5E6A,0,1,1,4294967295,0,0
RenSpikeDown,224,256,0034ABD7,0,1,1,4294967295,0,0
RenSpikeDown,96,256,0011F247,0,1,1,4294967295,0,0
RenSpikeRight,128,352,0027DB41,0,1,1,4294967295,0,0
RenSpikeRight,128,224,000F6E27,0,1,1,4294967295,0,0
RenSpikeLeft,192,352,00374D17,0,1,1,4294967295,0,0
RenSpikeLeft,192,224,00077ED7,0,1,1,4294967295,0,0
RenSpikeDown,224,384,003ADBFE,0,1,1,4294967295,0,0
RenSpikeLeft,96,464,0039FC44,0,1,1,4294967295,0,0
RenSpikeDown,96,384,0004A076,0,1,1,4294967295,0,0
RenSpikeDown,128,496,0031B49F,0,1,1,4294967295,0,0
RenSpikeRight,160,464,0039AF20,0,1,1,4294967295,0,0
RenSpikeRight,256,224,002B0BC7,0,1,1,4294967295,0,0
RenSpikeRight,256,352,0005FD0F,0,1,1,4294967295,0,0
RenSpikeLeft,64,352,001EC86A,0,1,1,4294967295,0,0
RenSpikeLeft,64,224,00221F01,0,1,1,4294967295,0,0
RenFrog,736,544,0002BF0E,0,1,1,4294967295,0,0
RenSpikeRight,256,480,00013BEE,0,1,1,4294967295,0,0
RenSpikeRight,640,192,003CE95F,0,1,1,4294967295,0,0
RenSpikeDown,608,352,00042F3E,0,1,1,4294967295,0,0
RenSpikeRight,192,96,000F9B7A,0,1,1,4294967295,0,0
RenSpikeLeft,128,96,0026C3FC,0,1,1,4294967295,0,0
RenSpikeLeft,192,480,003E9165,0,1,1,4294967295,0,0
RenFrog,736,288,001785AA,0,1,1,4294967295,0,0
RenSpikeDown,608,224,001B3976,0,1,1,4294967295,0,0
RenSpikeRight,544,128,00247D78,0,1,1,4294967295,0,0
RenSpikeLeft,480,128,0000F273,0,1,1,4294967295,0,0
RenSpikeDown,512,160,00323941,0,1,1,4294967295,0,0
RenSpikeDown,736,352,000DD8E8,0,1,1,4294967295,0,0
RenSpikeDown,736,480,003AC0E9,0,1,1,4294967295,0,0
RenSpikeDown,736,224,003CC145,0,1,1,4294967295,0,0
RenSpikeDown,608,480,000CE842,0,1,1,4294967295,0,0
RenSpikeLeft,576,448,00187E7F,0,1,1,4294967295,0,0
RenSpikeLeft,704,320,0010C36C,0,1,1,4294967295,0,0
RenSpikeDown,608,32,00098834,0,1,1,4294967295,0,0
RenSpikeDown,384,128,0005DFD1,0,1,1,4294967295,0,0
RenSpikeLeft,704,192,000DC85D,0,1,1,4294967295,0,0
RenSpikeLeft,112,288,00227B87,0,1,1,4294967295,0,0
RenSpikeRight,208,288,0033E7AA,0,1,1,4294967295,0,0
RenTrapStar,672,32,000328A0,0,1,1,4294967295,0,0
RenSpikeDown,736,32,000666E7,0,1,1,4294967295,0,0
RenApple,160,64,00285D8A,0,1,1,4294967295,0,0
MusicPlayer,64,32,002854D9,0,1,1,4294967295,0,0
DodgeBall,528,112,0033B15F,0,1,1,4294967295,0,0
Item2,736,160,0020C444,0,1,1,4294967295,0,0
RenSpikeDown,320,32,002720B0,0,1,1,4294967295,0,0
RenSpikeDown,448,32,0004C7C3,0,1,1,4294967295,0,0
RenSpikeLeft,352,96,0032DB0B,0,1,1,4294967295,0,0
RenSpikeRight,416,96,00342841,0,1,1,4294967295,0,0
RenSpikeDown,480,448,0007D15D,0,1,1,4294967295,0,0
PlayerStart,320,384,0035A824,0,1,1,4294967295,0,0
RenSkull,384,32,0022ECC0,0,1,1,4294967295,0,0
