bgGameMakerBlock,800,0,0,0,32,32,0,1,1,4294967295
bgGameMakerBlock,800,32,0,0,32,32,0,1,1,4294967295
bgGameMakerBlock,800,64,0,0,32,32,0,1,1,4294967295
bgGameMakerBlock,800,96,0,0,32,32,0,1,1,4294967295
bgGameMakerBlock,800,128,0,0,32,32,0,1,1,4294967295
bgGameMakerBlock,800,160,0,0,32,32,0,1,1,4294967295
bgGameMakerBlock,800,192,0,0,32,32,0,1,1,4294967295
bgGameMakerBlock,800,224,0,0,32,32,0,1,1,4294967295
bgGameMakerBlock,800,256,0,0,32,32,0,1,1,4294967295
bgGameMakerBlock,800,288,0,0,32,32,0,1,1,4294967295
bgGameMakerBlock,800,320,0,0,32,32,0,1,1,4294967295
bgGameMakerBlock,800,416,0,0,32,32,0,1,1,4294967295
bgGameMakerBlock,800,448,0,0,32,32,0,1,1,4294967295
bgGameMakerBlock,800,480,0,0,32,32,0,1,1,4294967295
bgGameMakerBlock,800,512,0,0,32,32,0,1,1,4294967295
bgGameMakerBlock,800,544,0,0,32,32,0,1,1,4294967295
bgGameMakerBlock,800,576,0,0,32,32,0,1,1,4294967295
bgGameMakerBlock,832,576,0,0,32,32,0,1,1,4294967295
bgGameMakerBlock,864,576,0,0,32,32,0,1,1,4294967295
bgGameMakerBlock,896,576,0,0,32,32,0,1,1,4294967295
bgGameMakerBlock,928,576,0,0,32,32,0,1,1,4294967295
bgGameMakerBlock,960,576,0,0,32,32,0,1,1,4294967295
bgGameMakerBlock,992,576,0,0,32,32,0,1,1,4294967295
bgGameMakerBlock,1024,576,0,0,32,32,0,1,1,4294967295
bgGameMakerBlock,1056,576,0,0,32,32,0,1,1,4294967295
bgGameMakerBlock,1088,576,0,0,32,32,0,1,1,4294967295
bgGameMakerBlock,1120,576,0,0,32,32,0,1,1,4294967295
bgGameMakerBlock,1152,576,0,0,32,32,0,1,1,4294967295
bgGameMakerBlock,1184,576,0,0,32,32,0,1,1,4294967295
bgGameMakerBlock,1216,576,0,0,32,32,0,1,1,4294967295
bgGameMakerBlock,1248,576,0,0,32,32,0,1,1,4294967295
bgGameMakerBlock,1280,576,0,0,32,32,0,1,1,4294967295
bgGameMakerBlock,1312,576,0,0,32,32,0,1,1,4294967295
bgGameMakerBlock,1344,576,0,0,32,32,0,1,1,4294967295
bgGameMakerBlock,1376,576,0,0,32,32,0,1,1,4294967295
bgGameMakerBlock,1408,576,0,0,32,32,0,1,1,4294967295
bgGameMakerBlock,1440,576,0,0,32,32,0,1,1,4294967295
bgGameMakerBlock,1472,576,0,0,32,32,0,1,1,4294967295
bgGameMakerBlock,1504,576,0,0,32,32,0,1,1,4294967295
bgGameMakerBlock,1536,576,0,0,32,32,0,1,1,4294967295
bgGameMakerBlock,1568,576,0,0,32,32,0,1,1,4294967295
bgGameMakerBlock,1568,544,0,0,32,32,0,1,1,4294967295
bgGameMakerBlock,1568,512,0,0,32,32,0,1,1,4294967295
bgGameMakerBlock,1568,480,0,0,32,32,0,1,1,4294967295
bgGameMakerBlock,1568,448,0,0,32,32,0,1,1,4294967295
bgGameMakerBlock,1568,416,0,0,32,32,0,1,1,4294967295
bgGameMakerBlock,1568,320,0,0,32,32,0,1,1,4294967295
bgGameMakerBlock,1568,288,0,0,32,32,0,1,1,4294967295
bgGameMakerBlock,1568,256,0,0,32,32,0,1,1,4294967295
bgGameMakerBlock,1568,224,0,0,32,32,0,1,1,4294967295
bgGameMakerBlock,1568,192,0,0,32,32,0,1,1,4294967295
bgGameMakerBlock,1568,160,0,0,32,32,0,1,1,4294967295
bgGameMakerBlock,1568,128,0,0,32,32,0,1,1,4294967295
bgGameMakerBlock,1568,96,0,0,32,32,0,1,1,4294967295
bgGameMakerBlock,1568,64,0,0,32,32,0,1,1,4294967295
bgGameMakerBlock,1568,32,0,0,32,32,0,1,1,4294967295
bgGameMakerBlock,1568,0,0,0,32,32,0,1,1,4294967295
bgGameMakerBlock,1536,0,0,0,32,32,0,1,1,4294967295
bgGameMakerBlock,1504,0,0,0,32,32,0,1,1,4294967295
bgGameMakerBlock,1472,0,0,0,32,32,0,1,1,4294967295
bgGameMakerBlock,1440,0,0,0,32,32,0,1,1,4294967295
bgGameMakerBlock,1408,0,0,0,32,32,0,1,1,4294967295
bgGameMakerBlock,1376,0,0,0,32,32,0,1,1,4294967295
bgGameMakerBlock,1344,0,0,0,32,32,0,1,1,4294967295
bgGameMakerBlock,1312,0,0,0,32,32,0,1,1,4294967295
bgGameMakerBlock,1280,0,0,0,32,32,0,1,1,4294967295
bgGameMakerBlock,1248,0,0,0,32,32,0,1,1,4294967295
bgGameMakerBlock,1216,0,0,0,32,32,0,1,1,4294967295
bgGameMakerBlock,1184,0,0,0,32,32,0,1,1,4294967295
bgGameMakerBlock,1152,0,0,0,32,32,0,1,1,4294967295
bgGameMakerBlock,1120,0,0,0,32,32,0,1,1,4294967295
bgGameMakerBlock,1088,0,0,0,32,32,0,1,1,4294967295
bgGameMakerBlock,1056,0,0,0,32,32,0,1,1,4294967295
bgGameMakerBlock,1024,0,0,0,32,32,0,1,1,4294967295
bgGameMakerBlock,992,0,0,0,32,32,0,1,1,4294967295
bgGameMakerBlock,960,0,0,0,32,32,0,1,1,4294967295
bgGameMakerBlock,928,0,0,0,32,32,0,1,1,4294967295
bgGameMakerBlock,896,0,0,0,32,32,0,1,1,4294967295
bgGameMakerBlock,864,0,0,0,32,32,0,1,1,4294967295
bgGameMakerBlock,832,0,0,0,32,32,0,1,1,4294967295
bgClear,1072,144,0,0,253,153,0,1,1,4294967295
bgGameMakerBlock,1504,544,0,0,32,32,0,1,1,4294967295
bgGameMakerBlock,1536,544,0,0,32,32,0,1,1,4294967295
bgGameMakerBlock,832,544,0,0,32,32,0,1,1,4294967295
bgGameMakerBlock,864,544,0,0,32,32,0,1,1,4294967295
tile_Colors,768,416,32,224,32,32,0,1,1,4294967295
tile_Colors,768,448,32,224,32,32,0,1,1,4294967295
tile_Colors,768,480,32,224,32,32,0,1,1,4294967295
tile_Colors,768,512,32,224,32,32,0,1,1,4294967295
tile_Colors,768,544,32,224,32,32,0,1,1,4294967295
tile_Colors,768,576,32,224,32,32,0,1,1,4294967295
tile_Colors,736,576,32,224,32,32,0,1,1,4294967295
tile_Colors,704,576,32,224,32,32,0,1,1,4294967295
tile_Colors,672,576,32,224,32,32,0,1,1,4294967295
tile_Colors,640,576,32,224,32,32,0,1,1,4294967295
tile_Colors,608,576,32,224,32,32,0,1,1,4294967295
tile_Colors,576,576,32,224,32,32,0,1,1,4294967295
tile_Colors,544,576,32,224,32,32,0,1,1,4294967295
tile_Colors,512,576,32,224,32,32,0,1,1,4294967295
tile_Colors,480,576,32,224,32,32,0,1,1,4294967295
tile_Colors,448,576,32,224,32,32,0,1,1,4294967295
tile_Colors,416,576,32,224,32,32,0,1,1,4294967295
tile_Colors,384,576,32,224,32,32,0,1,1,4294967295
tile_Colors,352,576,32,224,32,32,0,1,1,4294967295
tile_Colors,320,576,32,224,32,32,0,1,1,4294967295
tile_Colors,288,576,32,224,32,32,0,1,1,4294967295
tile_Colors,256,576,32,224,32,32,0,1,1,4294967295
tile_Colors,224,576,32,224,32,32,0,1,1,4294967295
tile_Colors,192,576,32,224,32,32,0,1,1,4294967295
tile_Colors,160,576,32,224,32,32,0,1,1,4294967295
tile_Colors,128,576,32,224,32,32,0,1,1,4294967295
tile_Colors,96,576,32,224,32,32,0,1,1,4294967295
tile_Colors,64,576,32,224,32,32,0,1,1,4294967295
tile_Colors,32,576,32,224,32,32,0,1,1,4294967295
tile_Colors,0,576,32,224,32,32,0,1,1,4294967295
tile_Colors,0,544,32,224,32,32,0,1,1,4294967295
tile_Colors,0,512,32,224,32,32,0,1,1,4294967295
tile_Colors,0,480,32,224,32,32,0,1,1,4294967295
tile_Colors,0,448,32,224,32,32,0,1,1,4294967295
tile_Colors,0,416,32,224,32,32,0,1,1,4294967295
tile_Colors,0,384,32,224,32,32,0,1,1,4294967295
tile_Colors,0,352,32,224,32,32,0,1,1,4294967295
tile_Colors,0,320,32,224,32,32,0,1,1,4294967295
tile_Colors,0,288,32,224,32,32,0,1,1,4294967295
tile_Colors,0,256,32,224,32,32,0,1,1,4294967295
tile_Colors,0,224,32,224,32,32,0,1,1,4294967295
tile_Colors,0,192,32,224,32,32,0,1,1,4294967295
tile_Colors,0,160,32,224,32,32,0,1,1,4294967295
tile_Colors,0,128,32,224,32,32,0,1,1,4294967295
tile_Colors,0,96,32,224,32,32,0,1,1,4294967295
tile_Colors,0,64,32,224,32,32,0,1,1,4294967295
tile_Colors,0,32,32,224,32,32,0,1,1,4294967295
tile_Colors,0,0,32,224,32,32,0,1,1,4294967295
tile_Colors,768,0,32,224,32,32,0,1,1,4294967295
tile_Colors,768,32,32,224,32,32,0,1,1,4294967295
tile_Colors,768,64,32,224,32,32,0,1,1,4294967295
tile_Colors,768,96,32,224,32,32,0,1,1,4294967295
tile_Colors,768,128,32,224,32,32,0,1,1,4294967295
tile_Colors,768,160,32,224,32,32,0,1,1,4294967295
tile_Colors,768,192,32,224,32,32,0,1,1,4294967295
tile_Colors,768,224,32,224,32,32,0,1,1,4294967295
tile_Colors,768,256,32,224,32,32,0,1,1,4294967295
tile_Colors,768,288,32,224,32,32,0,1,1,4294967295
tile_Colors,768,320,32,224,32,32,0,1,1,4294967295
tile_Colors,0,-32,32,224,32,32,0,1,1,4294967295
tile_Colors,-32,-32,32,224,32,32,0,1,1,4294967295
tile_Colors,-32,0,32,224,32,32,0,1,1,4294967295
tile_Colors,-32,32,32,224,32,32,0,1,1,4294967295
tile_Colors,-32,64,32,224,32,32,0,1,1,4294967295
tile_Colors,-32,96,32,224,32,32,0,1,1,4294967295
tile_Colors,-32,128,32,224,32,32,0,1,1,4294967295
tile_Colors,-32,160,32,224,32,32,0,1,1,4294967295
tile_Colors,-32,192,32,224,32,32,0,1,1,4294967295
tile_Colors,-32,224,32,224,32,32,0,1,1,4294967295
tile_Colors,-32,256,32,224,32,32,0,1,1,4294967295
tile_Colors,-32,288,32,224,32,32,0,1,1,4294967295
tile_Colors,-32,320,32,224,32,32,0,1,1,4294967295
tile_Colors,-32,352,32,224,32,32,0,1,1,4294967295
tile_Colors,-32,384,32,224,32,32,0,1,1,4294967295
tile_Colors,-32,416,32,224,32,32,0,1,1,4294967295
tile_Colors,-32,448,32,224,32,32,0,1,1,4294967295
tile_Colors,-32,480,32,224,32,32,0,1,1,4294967295
tile_Colors,-32,512,32,224,32,32,0,1,1,4294967295
tile_Colors,-32,544,32,224,32,32,0,1,1,4294967295
tile_Colors,-32,576,32,224,32,32,0,1,1,4294967295
tile_Colors,-32,608,32,224,32,32,0,1,1,4294967295
tile_Colors,0,608,32,224,32,32,0,1,1,4294967295
tile_Colors,32,608,32,224,32,32,0,1,1,4294967295
tile_Colors,64,608,32,224,32,32,0,1,1,4294967295
tile_Colors,96,608,32,224,32,32,0,1,1,4294967295
tile_Colors,128,608,32,224,32,32,0,1,1,4294967295
tile_Colors,160,608,32,224,32,32,0,1,1,4294967295
tile_Colors,192,608,32,224,32,32,0,1,1,4294967295
tile_Colors,224,608,32,224,32,32,0,1,1,4294967295
tile_Colors,256,608,32,224,32,32,0,1,1,4294967295
tile_Colors,288,608,32,224,32,32,0,1,1,4294967295
tile_Colors,320,608,32,224,32,32,0,1,1,4294967295
tile_Colors,352,608,32,224,32,32,0,1,1,4294967295
tile_Colors,384,608,32,224,32,32,0,1,1,4294967295
tile_Colors,416,608,32,224,32,32,0,1,1,4294967295
tile_Colors,448,608,32,224,32,32,0,1,1,4294967295
tile_Colors,480,608,32,224,32,32,0,1,1,4294967295
tile_Colors,512,608,32,224,32,32,0,1,1,4294967295
tile_Colors,544,608,32,224,32,32,0,1,1,4294967295
tile_Colors,576,608,32,224,32,32,0,1,1,4294967295
tile_Colors,608,608,32,224,32,32,0,1,1,4294967295
tile_Colors,640,608,32,224,32,32,0,1,1,4294967295
tile_Colors,672,608,32,224,32,32,0,1,1,4294967295
tile_Colors,704,608,32,224,32,32,0,1,1,4294967295
tile_Colors,736,608,32,224,32,32,0,1,1,4294967295
tile_Colors,768,608,32,224,32,32,0,1,1,4294967295
tile_Colors,768,-32,32,224,32,32,0,1,1,4294967295
bgGameMakerBlock,800,-32,0,0,32,32,0,1,1,4294967295
bgGameMakerBlock,800,608,0,0,32,32,0,1,1,4294967295
tile_Colors,768,352,32,224,32,32,0,1,1,4294967295
bgGameMakerBlock,800,352,0,0,32,32,0,1,1,4294967295
