backgroundFit,32,32,00301A58,0,1,1,4294967295,0,0
ShovelBoss,0,544,002DD778,0,1,1,4294967295,0,0
GMBlock,64,512,003D8F1A,0,1,1,4294967295,0,0
GMBlock,96,512,000C4D80,0,1,1,4294967295,0,0
GMBlock,224,416,000CDD17,0,1,1,4294967295,0,0
GMBlock,544,416,0002A997,0,1,1,4294967295,0,0
GMBlock,672,512,0000DC5C,0,1,1,4294967295,0,0
GMBlock,704,512,00373CC0,0,1,1,4294967295,0,0
GMCeiling,32,0,001BFD17,0,1,1,4294967295,0,0
GMCeiling,64,0,00186D79,0,1,1,4294967295,0,0
GMCeiling,96,0,000B47FB,0,1,1,4294967295,0,0
GMCeiling,128,0,0020BCF3,0,1,1,4294967295,0,0
GMCeiling,160,0,0004B96E,0,1,1,4294967295,0,0
GMCeiling,192,0,002A16C8,0,1,1,4294967295,0,0
GMCeiling,224,0,0005E4BF,0,1,1,4294967295,0,0
GMCeiling,256,0,002A2871,0,1,1,4294967295,0,0
GMCeiling,288,0,001B0BCE,0,1,1,4294967295,0,0
GMCeiling,320,0,00189EE7,0,1,1,4294967295,0,0
GMCeiling,352,0,001D13D1,0,1,1,4294967295,0,0
GMCeiling,384,0,001DCF19,0,1,1,4294967295,0,0
GMCeiling,416,0,002F21FE,0,1,1,4294967295,0,0
GMCeiling,448,0,002DDBAD,0,1,1,4294967295,0,0
GMCeiling,480,0,00264C1C,0,1,1,4294967295,0,0
GMCeiling,512,0,002DE060,0,1,1,4294967295,0,0
GMCeiling,544,0,00368101,0,1,1,4294967295,0,0
GMCeiling,576,0,0020B767,0,1,1,4294967295,0,0
GMCeiling,608,0,0026205E,0,1,1,4294967295,0,0
GMCeiling,640,0,0025AE44,0,1,1,4294967295,0,0
GMCeiling,672,0,00077D57,0,1,1,4294967295,0,0
GMCeiling,704,0,000EE7F3,0,1,1,4294967295,0,0
GMCeiling,736,0,001F1856,0,1,1,4294967295,0,0
GMCeiling,0,0,273A645E,0,1,1,4294967295,0,1
GMCeiling,768,0,0020F497,0,1,1,4294967295,0,1
RenTiler,64,32,002EB7B4,0,1,1,4294967295,0,0
Block,0,576,003DBB50,0,1,1,4294967295,0,0
Block,0,544,003AF93E,0,1,1,4294967295,0,0
Block,0,512,00077A7E,0,1,1,4294967295,0,0
Block,0,480,00013C87,0,1,1,4294967295,0,0
Block,0,448,001DD407,0,1,1,4294967295,0,0
Block,0,416,00390E24,0,1,1,4294967295,0,0
Block,0,384,00173B97,0,1,1,4294967295,0,0
Block,0,352,00191A93,0,1,1,4294967295,0,0
Block,0,320,00107F16,0,1,1,4294967295,0,0
Block,0,288,003E806B,0,1,1,4294967295,0,0
Block,0,256,000913D5,0,1,1,4294967295,0,0
Block,0,224,002C0AB7,0,1,1,4294967295,0,0
Block,0,192,0027A0EE,0,1,1,4294967295,0,0
Block,0,160,001C3A3E,0,1,1,4294967295,0,0
Block,0,128,00261FD3,0,1,1,4294967295,0,0
Block,0,96,002382BB,0,1,1,4294967295,0,0
Block,0,64,0003BA0B,0,1,1,4294967295,0,0
Block,0,32,00359272,0,1,1,4294967295,0,0
Block,768,32,003FDC59,0,1,1,4294967295,0,0
Block,768,64,002E716F,0,1,1,4294967295,0,0
Block,768,96,003659DB,0,1,1,4294967295,0,0
Block,768,128,001DD388,0,1,1,4294967295,0,0
Block,768,160,000A5E96,0,1,1,4294967295,0,0
Block,768,192,0037F284,0,1,1,4294967295,0,0
Block,768,224,0032073C,0,1,1,4294967295,0,0
Block,768,256,00218E30,0,1,1,4294967295,0,0
Block,768,288,002EE3C7,0,1,1,4294967295,0,0
Block,768,320,0029DBAA,0,1,1,4294967295,0,0
Block,768,352,002095C4,0,1,1,4294967295,0,0
Block,768,384,00253CD7,0,1,1,4294967295,0,0
Block,768,416,003B585E,0,1,1,4294967295,0,0
Block,768,448,0006C23E,0,1,1,4294967295,0,0
Block,768,480,000106CF,0,1,1,4294967295,0,0
Block,768,512,00278362,0,1,1,4294967295,0,0
Block,768,544,003042A6,0,1,1,4294967295,0,0
Block,768,576,0010D300,0,1,1,4294967295,0,0
Block,736,576,001B32EF,0,1,1,4294967295,0,0
Block,704,576,0008DBA8,0,1,1,4294967295,0,0
Block,672,576,002DAF6B,0,1,1,4294967295,0,0
Block,640,576,00329CFD,0,1,1,4294967295,0,0
Block,608,576,000B9A9A,0,1,1,4294967295,0,0
Block,576,576,001AF9D9,0,1,1,4294967295,0,0
Block,544,576,0007B1BD,0,1,1,4294967295,0,0
Block,512,576,00124008,0,1,1,4294967295,0,0
Block,480,576,00106AC2,0,1,1,4294967295,0,0
Block,448,576,001EE977,0,1,1,4294967295,0,0
Block,416,576,003DFDA5,0,1,1,4294967295,0,0
Block,384,576,001C4FB8,0,1,1,4294967295,0,0
Block,352,576,00277B4F,0,1,1,4294967295,0,0
Block,320,576,0028A4CB,0,1,1,4294967295,0,0
Block,288,576,00014803,0,1,1,4294967295,0,0
Block,256,576,00111CBA,0,1,1,4294967295,0,0
Block,224,576,0006C2C8,0,1,1,4294967295,0,0
Block,192,576,0037BA56,0,1,1,4294967295,0,0
Block,160,576,0002D4E2,0,1,1,4294967295,0,0
Block,128,576,0013EBFB,0,1,1,4294967295,0,0
Block,96,576,0009F6BA,0,1,1,4294967295,0,0
Block,64,576,001071FD,0,1,1,4294967295,0,0
Block,32,576,001291C5,0,1,1,4294967295,0,0
Block,32,512,002BC039,0,1,1,4294967295,0,0
Block,736,512,0005B1FB,0,1,1,4294967295,0,0
Block,-32,0,0008B448,0,1,1,4294967295,0,0
Block,-32,32,001AD140,0,1,1,4294967295,0,0
Block,-32,64,000BAC9B,0,1,1,4294967295,0,0
Block,-32,96,0037EC0D,0,1,1,4294967295,0,0
Block,-32,128,0008C911,0,1,1,4294967295,0,0
Block,-32,160,002AA65C,0,1,1,4294967295,0,0
Block,-32,192,00284BEC,0,1,1,4294967295,0,0
Block,-32,224,001059AB,0,1,1,4294967295,0,0
Block,-32,256,000A9C8E,0,1,1,4294967295,0,0
Block,-32,288,0036A4C9,0,1,1,4294967295,0,0
Block,-32,320,000D9400,0,1,1,4294967295,0,0
Block,-32,352,000BA45E,0,1,1,4294967295,0,0
Block,-32,384,002DB664,0,1,1,4294967295,0,0
Block,-32,416,000FE157,0,1,1,4294967295,0,0
Block,-32,448,003965C2,0,1,1,4294967295,0,0
Block,-32,480,003206A3,0,1,1,4294967295,0,0
Block,-32,512,003DB808,0,1,1,4294967295,0,0
Block,-32,544,0034846A,0,1,1,4294967295,0,0
Block,-32,576,003A1968,0,1,1,4294967295,0,0
Block,-32,608,000DD02F,0,1,1,4294967295,0,0
Block,0,608,00041642,0,1,1,4294967295,0,0
Block,32,608,001BCD06,0,1,1,4294967295,0,0
Block,64,608,00157D4A,0,1,1,4294967295,0,0
Block,96,608,0017581D,0,1,1,4294967295,0,0
Block,128,608,0033FF7E,0,1,1,4294967295,0,0
Block,160,608,0003ED7A,0,1,1,4294967295,0,0
Block,192,608,00274988,0,1,1,4294967295,0,0
Block,224,608,00067D82,0,1,1,4294967295,0,0
Block,256,608,0006B325,0,1,1,4294967295,0,0
Block,288,608,0007AB57,0,1,1,4294967295,0,0
Block,320,608,00177C00,0,1,1,4294967295,0,0
Block,352,608,0023FB8B,0,1,1,4294967295,0,0
Block,384,608,000D5945,0,1,1,4294967295,0,0
Block,416,608,0003C825,0,1,1,4294967295,0,0
Block,448,608,00035229,0,1,1,4294967295,0,0
Block,480,608,002FD966,0,1,1,4294967295,0,0
Block,512,608,0014F666,0,1,1,4294967295,0,0
Block,544,608,0015F459,0,1,1,4294967295,0,0
Block,576,608,0020FCF8,0,1,1,4294967295,0,0
Block,608,608,0037D1F5,0,1,1,4294967295,0,0
Block,640,608,0003F17B,0,1,1,4294967295,0,0
Block,672,608,0014874B,0,1,1,4294967295,0,0
Block,704,608,000D2FD6,0,1,1,4294967295,0,0
Block,736,608,001D35AF,0,1,1,4294967295,0,0
Block,768,608,00088E1B,0,1,1,4294967295,0,0
Block,800,608,00012A1B,0,1,1,4294967295,0,0
Block,800,576,0030860D,0,1,1,4294967295,0,0
Block,800,544,000BC500,0,1,1,4294967295,0,0
Block,800,512,0029129D,0,1,1,4294967295,0,0
Block,800,480,003EFA49,0,1,1,4294967295,0,0
Block,800,448,003DD0A8,0,1,1,4294967295,0,0
Block,800,416,001778D5,0,1,1,4294967295,0,0
Block,800,384,00062D9C,0,1,1,4294967295,0,0
Block,800,352,00009719,0,1,1,4294967295,0,0
Block,800,320,000293F6,0,1,1,4294967295,0,0
Block,800,288,001CC7DD,0,1,1,4294967295,0,0
Block,800,256,000E8B68,0,1,1,4294967295,0,0
Block,800,224,0019293E,0,1,1,4294967295,0,0
Block,800,192,00068A9B,0,1,1,4294967295,0,0
Block,800,160,00008948,0,1,1,4294967295,0,0
Block,800,128,003F0743,0,1,1,4294967295,0,0
Block,800,96,003A84AC,0,1,1,4294967295,0,0
Block,800,64,00365BE2,0,1,1,4294967295,0,0
Block,800,32,000511B0,0,1,1,4294967295,0,0
Block,800,0,001F5EE5,0,1,1,4294967295,0,0
WarpToHub,384,544,00041EC5,0,1,1,4294967295,0,0
RenSave,384,480,0036C559,0,1,1,4294967295,0,0
GameMaker,400,160,000C882A,0,1,1,4294967295,0,0
MusicPlayer,96,32,001587D4,0,1,1,4294967295,0,0
PlayerStart,384,64,0027E334,0,1,1,4294967295,0,0
