backgroundFit,32,128,0030B742,0,1,1,4294967295,0,0
RenTiler,32,96,001946A6,0,1,1,4294967295,0,0
Block,0,192,001A439E,0,1,1,4294967295,0,0
Block,0,224,0032EB43,0,1,1,4294967295,0,0
Block,0,256,001042C5,0,1,1,4294967295,0,0
Block,0,288,000EDEB9,0,1,1,4294967295,0,0
Block,0,320,001AD577,0,1,1,4294967295,0,0
Block,0,352,000ED407,0,1,1,4294967295,0,0
Block,0,384,00049933,0,1,1,4294967295,0,0
Block,0,416,00395CCF,0,1,1,4294967295,0,0
Block,0,448,001BD98D,0,1,1,4294967295,0,0
Block,0,480,00305616,0,1,1,4294967295,0,0
Block,0,512,002C1143,0,1,1,4294967295,0,0
Block,0,544,00342226,0,1,1,4294967295,0,0
Block,0,576,0017BC25,0,1,1,4294967295,0,0
Block,32,576,003AB903,0,1,1,4294967295,0,0
Block,64,576,002C945C,0,1,1,4294967295,0,0
Block,96,576,003AF254,0,1,1,4294967295,0,0
Block,128,576,0021604E,0,1,1,4294967295,0,0
Block,160,576,0004FA96,0,1,1,4294967295,0,0
Block,192,576,002A76C1,0,1,1,4294967295,0,0
Block,224,576,002C5082,0,1,1,4294967295,0,0
Block,256,576,00124BDF,0,1,1,4294967295,0,0
Block,288,576,00242437,0,1,1,4294967295,0,0
Block,320,576,0015637E,0,1,1,4294967295,0,0
Block,352,576,00314EFB,0,1,1,4294967295,0,0
Block,384,576,0004D8B1,0,1,1,4294967295,0,0
Block,416,576,0001B8BA,0,1,1,4294967295,0,0
Block,448,576,0015A03B,0,1,1,4294967295,0,0
Block,480,576,00185AB9,0,1,1,4294967295,0,0
Block,512,576,00303A53,0,1,1,4294967295,0,0
Block,544,576,000C448D,0,1,1,4294967295,0,0
Block,576,576,0023CB98,0,1,1,4294967295,0,0
Block,608,576,00020EB4,0,1,1,4294967295,0,0
Block,640,576,002D1E24,0,1,1,4294967295,0,0
Block,672,576,001A976B,0,1,1,4294967295,0,0
Block,704,576,000347C7,0,1,1,4294967295,0,0
Block,736,576,00178D76,0,1,1,4294967295,0,0
Block,768,576,00397A4A,0,1,1,4294967295,0,0
Block,768,544,000FAFCB,0,1,1,4294967295,0,0
Block,768,512,0033BAA2,0,1,1,4294967295,0,0
Block,768,480,002CEFB5,0,1,1,4294967295,0,0
Block,768,448,002ECDAD,0,1,1,4294967295,0,0
Block,768,416,0018A3A8,0,1,1,4294967295,0,0
Block,768,384,0011C148,0,1,1,4294967295,0,0
Block,768,352,0026DA10,0,1,1,4294967295,0,0
Block,768,320,00215F1A,0,1,1,4294967295,0,0
Block,768,288,00131B0C,0,1,1,4294967295,0,0
Block,768,256,0024AB87,0,1,1,4294967295,0,0
Block,768,224,00249D9B,0,1,1,4294967295,0,0
Block,768,192,0031A2BC,0,1,1,4294967295,0,0
Block,768,128,0027945E,0,1,1,4294967295,0,0
Block,768,96,002248BF,0,1,1,4294967295,0,0
Block,512,416,0033EDAD,0,1,1,4294967295,0,0
Block,512,448,0000F177,0,1,1,4294967295,0,0
Block,416,416,00394C33,0,1,1,4294967295,0,0
Block,416,448,002BA14E,0,1,1,4294967295,0,0
Block,320,448,0024A39E,0,1,1,4294967295,0,0
Block,320,384,0001A69B,0,1,1,4294967295,0,0
Block,320,352,00387CE6,0,1,1,4294967295,0,0
Block,256,384,0017507F,0,1,1,4294967295,0,0
Block,256,448,0018C3E9,0,1,1,4294967295,0,0
Block,288,448,001EE8A0,0,1,1,4294967295,0,0
Block,224,480,0009FF90,0,1,1,4294967295,0,0
Block,384,544,0032D74A,0,1,1,4294967295,0,0
Block,128,480,00229D42,0,1,1,4294967295,0,0
Block,128,416,003FE0B7,0,1,1,4294967295,0,0
Block,128,320,000476C1,0,1,1,4294967295,0,0
Block,128,288,0027E9CF,0,1,1,4294967295,0,0
Block,128,256,002817C2,0,1,1,4294967295,0,0
Block,128,224,001CDED3,0,1,1,4294967295,0,0
Block,128,192,001608AD,0,1,1,4294967295,0,0
Block,160,192,000A08B9,0,1,1,4294967295,0,0
Block,192,192,0014CC8C,0,1,1,4294967295,0,0
Block,224,192,001AA892,0,1,1,4294967295,0,0
Block,224,160,00275C1E,0,1,1,4294967295,0,0
Block,224,128,00155295,0,1,1,4294967295,0,0
Block,320,128,00394077,0,1,1,4294967295,0,0
Block,320,288,004033FE,0,1,1,4294967295,0,0
Block,288,288,00012681,0,1,1,4294967295,0,0
Block,256,288,000F201E,0,1,1,4294967295,0,0
Block,224,320,0020BE66,0,1,1,4294967295,0,0
Block,192,320,0015E9DD,0,1,1,4294967295,0,0
Block,160,320,003F199A,0,1,1,4294967295,0,0
Block,0,160,00323742,0,1,1,4294967295,0,0
Block,0,128,0011297F,0,1,1,4294967295,0,0
Block,0,96,0027C117,0,1,1,4294967295,0,0
Block,0,64,000AC050,0,1,1,4294967295,0,0
Block,0,32,002F91F5,0,1,1,4294967295,0,0
Block,0,0,0026AADE,0,1,1,4294967295,0,0
Block,32,0,00397FCD,0,1,1,4294967295,0,0
Block,64,0,00057659,0,1,1,4294967295,0,0
Block,96,0,002D8140,0,1,1,4294967295,0,0
Block,128,0,003B2284,0,1,1,4294967295,0,0
Block,160,0,000ACE6F,0,1,1,4294967295,0,0
Block,192,0,00121574,0,1,1,4294967295,0,0
Block,224,0,0013757A,0,1,1,4294967295,0,0
Block,256,0,003BE183,0,1,1,4294967295,0,0
Block,288,0,00332350,0,1,1,4294967295,0,0
Block,320,0,0015CF11,0,1,1,4294967295,0,0
Block,352,0,001D6359,0,1,1,4294967295,0,0
Block,384,0,002C0CBF,0,1,1,4294967295,0,0
Block,416,0,0008EAA6,0,1,1,4294967295,0,0
Block,448,0,003176A7,0,1,1,4294967295,0,0
Block,480,0,0006E8D3,0,1,1,4294967295,0,0
Block,512,0,0037E476,0,1,1,4294967295,0,0
Block,544,0,00353B38,0,1,1,4294967295,0,0
Block,576,0,00126F88,0,1,1,4294967295,0,0
Block,608,0,003FB8B0,0,1,1,4294967295,0,0
Block,640,0,0031109E,0,1,1,4294967295,0,0
Block,672,0,001A92DD,0,1,1,4294967295,0,0
Block,704,0,001912A7,0,1,1,4294967295,0,0
Block,736,0,000691B3,0,1,1,4294967295,0,0
Block,768,0,0033D9CA,0,1,1,4294967295,0,0
Block,768,64,001C4329,0,1,1,4294967295,0,0
Block,576,448,0021EFE8,0,1,1,4294967295,0,0
Block,576,352,0015CB54,0,1,1,4294967295,0,0
Block,576,256,000F726B,0,1,1,4294967295,0,0
Block,576,224,0012044B,0,1,1,4294967295,0,0
Block,672,448,00006C32,0,1,1,4294967295,0,0
Block,704,448,003C71A3,0,1,1,4294967295,0,0
Block,704,352,000E687A,0,1,1,4294967295,0,0
Block,672,352,001CA320,0,1,1,4294967295,0,0
Block,640,352,00216838,0,1,1,4294967295,0,0
Block,448,256,001038C3,0,1,1,4294967295,0,0
Block,384,64,00190FD9,0,1,1,4294967295,0,0
Block,192,64,001C9BDC,0,1,1,4294967295,0,0
Block,160,64,002BED73,0,1,1,4294967295,0,0
Block,128,64,003DE5F7,0,1,1,4294967295,0,0
Block,128,96,0017AA45,0,1,1,4294967295,0,0
Block,608,160,0026C474,0,1,1,4294967295,0,0
Block,576,128,0004126E,0,1,1,4294967295,0,0
Block,480,128,0037AFE1,0,1,1,4294967295,0,0
Block,448,160,0028B71C,0,1,1,4294967295,0,0
Block,224,64,0039C2B7,0,1,1,4294967295,0,0
Block,32,480,002A7957,0,1,1,4294967295,0,0
Block,32,288,002D6A06,0,1,1,4294967295,0,0
Block,288,384,0010DD6C,0,1,1,4294967295,0,0
Block,224,288,0017128D,0,1,1,4294967295,0,0
Block,512,544,0014B1AD,0,1,1,4294967295,0,0
Block,704,544,001F4E25,0,1,1,4294967295,0,0
Block,320,64,001EF903,0,1,1,4294967295,0,0
Block,352,64,001FC501,0,1,1,4294967295,0,0
Block,128,448,0016A621,0,1,1,4294967295,0,0
Block,576,416,003150A0,0,1,1,4294967295,0,0
Block,704,64,003E03CC,0,1,1,4294967295,0,0
Block,768,32,001EC4A3,0,1,1,4294967295,0,0
Block,736,352,0012E597,0,1,1,4294967295,0,0
Block,736,192,0026CC2B,0,1,1,4294967295,0,0
Block,608,544,000DF558,0,1,1,4294967295,0,0
Block,640,448,0018CA08,0,1,1,4294967295,0,0
Block,256,64,00013155,0,1,1,4294967295,0,0
Block,288,64,00282905,0,1,1,4294967295,0,0
Block,512,32,000B501B,0,1,1,4294967295,0,0
Block,544,32,00278BE9,0,1,1,4294967295,0,0
Block,768,160,00106E86,0,1,1,4294967295,0,0
Block,256,416,00216FB9,0,1,1,4294967295,0,0
Block,320,416,00361AEA,0,1,1,4294967295,0,0
WarpToHub,192,288,0019DCF7,0,1,1,4294967295,0,0
RenSpikeUp,384,512,00358AA6,0,1,1,4294967295,0,0
RenSpikeUp,416,384,00224EA2,0,1,1,4294967295,0,0
RenSpikeUp,288,544,0035071A,0,1,1,4294967295,0,0
RenSpikeUp,608,512,0039B19B,0,1,1,4294967295,0,0
RenSpikeUp,32,256,00048F91,0,1,1,4294967295,0,0
RenSpikeUp,256,544,000A17AF,0,1,1,4294967295,0,0
RenSpikeUp,32,448,000164D1,0,1,1,4294967295,0,0
RenSpikeUp,128,384,003ECB1C,0,1,1,4294967295,0,0
RenSpikeUp,112,544,001768B4,0,1,1,4294967295,0,0
RenSpikeUp,80,544,00312828,0,1,1,4294967295,0,0
RenSpikeUp,144,544,001E7490,0,1,1,4294967295,0,0
RenSpikeUp,256,256,00301B40,0,1,1,4294967295,0,0
RenSpikeUp,512,512,002A407E,0,1,1,4294967295,0,0
RenSpikeUp,576,320,002C34DE,0,1,1,4294967295,0,0
RenSpikeUp,320,256,0006F1EF,0,1,1,4294967295,0,0
RenSpikeUp,704,32,0036E31C,0,1,1,4294967295,0,0
RenSpikeUp,288,352,003916E7,0,1,1,4294967295,0,0
WarpToHubPoint,224,448,0028BE5D,0,1,1,4294967295,0,0
WarpToHubPoint,608,128,00227CFB,0,1,1,4294967295,0,0
WarpToHubPoint,672,416,000A0DEA,0,1,1,4294967295,0,0
RenSpikeRight,352,288,000919B3,0,1,1,4294967295,0,0
RenWin,48,560,000F76E4,0,1,1,4294967295,0,0
RenSpikeDown,320,480,003717C6,0,1,1,4294967295,0,0
RenSpikeDown,416,480,003C8C15,0,1,1,4294967295,0,0
RenSpikeLeft,480,448,00121F25,0,1,1,4294967295,0,0
RenSpikeDown,256,320,002233BD,0,1,1,4294967295,0,0
RenSpikeDown,192,352,00213362,0,1,1,4294967295,0,0
RenSpikeDown,704,480,002B7AE0,0,1,1,4294967295,0,0
RenSpikeDown,672,480,003949A9,0,1,1,4294967295,0,0
RenSpikeDown,704,384,002641B2,0,1,1,4294967295,0,0
RenSpikeDown,640,384,00016A77,0,1,1,4294967295,0,0
RenSpikeDown,448,288,0039F2D4,0,1,1,4294967295,0,0
RenSpikeLeft,192,128,001A114B,0,1,1,4294967295,0,0
RenSpikeRight,160,96,0017EDF2,0,1,1,4294967295,0,0
RenSpikeDown,480,160,0017AD53,0,1,1,4294967295,0,0
RenSpikeLeft,416,160,000538AC,0,1,1,4294967295,0,0
RenSpikeLeft,544,128,0038DDFB,0,1,1,4294967295,0,0
RenSpikeRight,512,128,000C5DA5,0,1,1,4294967295,0,0
RenSpikeRight,64,480,0035BF8C,0,1,1,4294967295,0,0
RenSpikeRight,64,288,002D4B20,0,1,1,4294967295,0,0
RenSpikeLeft,96,416,001A70FF,0,1,1,4294967295,0,0
RenSpikeLeft,544,256,002DD28A,0,1,1,4294967295,0,0
RenSpikeRight,480,256,002EE82C,0,1,1,4294967295,0,0
RenSpikeDown,256,480,002A5EC1,0,1,1,4294967295,0,0
RenSpikeDown,288,480,002D9ACA,0,1,1,4294967295,0,0
RenSave,192,288,002FF7E1,0,1,1,4294967295,0,0
RenSave,608,128,0021F2FE,0,1,1,4294967295,0,0
RenSave,224,448,0013AFAE,0,1,1,4294967295,0,0
RenSave,672,416,0022645E,0,1,1,4294967295,0,0
RenSpikeDown,32,320,0000831A,0,1,1,4294967295,0,0
RenSpikeDown,32,512,00376A30,0,1,1,4294967295,0,0
RenSpikeRight,160,416,0017770E,0,1,1,4294967295,0,0
RenSpikeRight,544,544,002D5D44,0,1,1,4294967295,0,0
RenSpikeLeft,480,544,002E4201,0,1,1,4294967295,0,0
RenSpikeDown,576,480,0006ABF5,0,1,1,4294967295,0,0
RenSpikeRight,608,256,0033B387,0,1,1,4294967295,0,0
RenSpikeLeft,96,192,003AF8AB,0,1,1,4294967295,0,0
RenSpikeLeft,96,64,00072640,0,1,1,4294967295,0,0
RenSpikeLeft,224,384,00012FE4,0,1,1,4294967295,0,0
RenSpikeRight,352,128,0011AC1C,0,1,1,4294967295,0,0
RenSpikeDown,128,512,0001FC8A,0,1,1,4294967295,0,0
RenSpikeRight,352,352,000117CA,0,1,1,4294967295,0,0
RenSpikeLeft,272,240,0009F4EF,0,1,1,4294967295,0,0
RenSpikeRight,416,544,0024C777,0,1,1,4294967295,0,0
RenSpikeLeft,352,544,00033A98,0,1,1,4294967295,0,0
RenSpikeDown,192,224,001D3160,0,1,1,4294967295,0,0
RenSpikeDown,576,160,0015CD40,0,1,1,4294967295,0,0
RenSpikeDown,576,288,000D1E88,0,1,1,4294967295,0,0
RenSpikeDown,576,384,002EAE1A,0,1,1,4294967295,0,0
RenSpikeRight,608,448,00085212,0,1,1,4294967295,0,0
RenSpikeRight,736,544,00149C99,0,1,1,4294967295,0,0
RenSpikeLeft,672,544,00193FDC,0,1,1,4294967295,0,0
RenSpikeLeft,544,352,003F0A25,0,1,1,4294967295,0,0
RenSpikeDown,512,480,003BA3F8,0,1,1,4294967295,0,0
RenSpikeDown,224,512,0001FD69,0,1,1,4294967295,0,0
RenSpikeRight,352,448,003BDD13,0,1,1,4294967295,0,0
RenSpikeRight,160,480,0009AC45,0,1,1,4294967295,0,0
RenSpikeDown,320,224,0038C129,0,1,1,4294967295,0,0
RenSpikeRight,304,240,003957A5,0,1,1,4294967295,0,0
RenSpikeLeft,336,240,002407D7,0,1,1,4294967295,0,0
RenSpikeLeft,672,64,0035301E,0,1,1,4294967295,0,0
RenSpikeDown,64,32,0005865E,0,1,1,4294967295,0,0
RenSpikeRight,640,256,0030D23A,0,1,1,4294967295,0,0
RenSpikeRight,640,160,00129133,0,1,1,4294967295,0,0
RenSpikeDown,672,304,002D412A,0,1,1,4294967295,0,0
RenSpikeDown,704,304,0021C734,0,1,1,4294967295,0,0
RenSpikeDown,736,304,000CC7CC,0,1,1,4294967295,0,0
RenSpikeLeft,704,192,003C8E92,0,1,1,4294967295,0,0
RenSpikeDown,736,224,0022CBE7,0,1,1,4294967295,0,0
RenSpikeRight,256,160,00046925,0,1,1,4294967295,0,0
MusicPlayer,32,32,0006109F,0,1,1,4294967295,0,0
RenSpikeRight,736,64,0009B755,0,1,1,4294967295,0,0
RenSpikeDown,704,96,002BD405,0,1,1,4294967295,0,0
RenSpikeRight,576,32,0003D2F8,0,1,1,4294967295,0,0
RenSpikeLeft,480,32,000631DE,0,1,1,4294967295,0,0
RenApple,288,416,002CC1C2,0,1,1,4294967295,0,0
PlayerStart,160,288,0023C387,0,1,1,4294967295,0,0
MirrorBlocks,32,64,0002C3A1,0,1,1,4294967295,0,0
