WhiteRoomShadow,448,32,000E74C5,0,1,1,4294967295,0,0
RenTiler,384,32,003F461F,0,1,1,4294967295,0,0
Block,512,480,001DDB8F,0,1,1,4294967295,0,0
Block,512,512,0007C3A3,0,1,1,4294967295,0,0
Block,512,576,003B085B,0,1,1,4294967295,0,0
Block,480,576,0005EB40,0,1,1,4294967295,0,0
Block,448,576,00033D84,0,1,1,4294967295,0,0
Block,416,576,00396753,0,1,1,4294967295,0,0
Block,384,576,001CCDC7,0,1,1,4294967295,0,0
Block,352,576,00305583,0,1,1,4294967295,0,0
Block,320,576,002CB3F1,0,1,1,4294967295,0,0
Block,288,576,00140793,0,1,1,4294967295,0,0
Block,256,576,0039BBB1,0,1,1,4294967295,0,0
Block,224,576,000EEB05,0,1,1,4294967295,0,0
Block,192,576,0013E909,0,1,1,4294967295,0,0
Block,160,576,00091800,0,1,1,4294967295,0,0
Block,128,576,002F0459,0,1,1,4294967295,0,0
Block,96,576,0004178F,0,1,1,4294967295,0,0
Block,64,576,0031C59A,0,1,1,4294967295,0,0
Block,32,576,00367E0B,0,1,1,4294967295,0,0
Block,0,576,001D829B,0,1,1,4294967295,0,0
Block,0,544,0010A58C,0,1,1,4294967295,0,0
Block,0,512,001B94FD,0,1,1,4294967295,0,0
Block,0,480,001B6F75,0,1,1,4294967295,0,0
Block,0,448,003318B4,0,1,1,4294967295,0,0
Block,0,416,00073070,0,1,1,4294967295,0,0
Block,0,384,0015A5F2,0,1,1,4294967295,0,0
Block,0,352,003E7CEE,0,1,1,4294967295,0,0
Block,0,320,00038765,0,1,1,4294967295,0,0
Block,0,288,00256DD6,0,1,1,4294967295,0,0
Block,0,256,000DABCA,0,1,1,4294967295,0,0
Block,0,224,000DD5B2,0,1,1,4294967295,0,0
Block,0,192,0028ED43,0,1,1,4294967295,0,0
Block,0,160,00007EAC,0,1,1,4294967295,0,0
Block,0,128,0025A391,0,1,1,4294967295,0,0
Block,0,96,0029E88E,0,1,1,4294967295,0,0
Block,0,64,00308141,0,1,1,4294967295,0,0
Block,0,32,0034F108,0,1,1,4294967295,0,0
Block,0,0,001D8B32,0,1,1,4294967295,0,0
Block,32,0,00356070,0,1,1,4294967295,0,0
Block,64,0,00274C87,0,1,1,4294967295,0,0
Block,96,0,0002C4DA,0,1,1,4294967295,0,0
Block,128,0,00389CEF,0,1,1,4294967295,0,0
Block,160,0,001EBFB7,0,1,1,4294967295,0,0
Block,192,0,001CF051,0,1,1,4294967295,0,0
Block,224,0,00240F39,0,1,1,4294967295,0,0
Block,256,0,000CBB53,0,1,1,4294967295,0,0
Block,288,0,0004B7DE,0,1,1,4294967295,0,0
Block,320,0,002FD4DF,0,1,1,4294967295,0,0
Block,352,0,00329BD9,0,1,1,4294967295,0,0
Block,384,0,002C1A85,0,1,1,4294967295,0,0
Block,416,0,002E3159,0,1,1,4294967295,0,0
Block,448,0,001C761B,0,1,1,4294967295,0,0
Block,480,0,0005E30E,0,1,1,4294967295,0,0
Block,512,0,0034936F,0,1,1,4294967295,0,0
Block,544,0,00087E4B,0,1,1,4294967295,0,0
Block,576,0,001647E5,0,1,1,4294967295,0,0
Block,608,0,000A278C,0,1,1,4294967295,0,0
Block,640,0,000901AE,0,1,1,4294967295,0,0
Block,672,0,001756BF,0,1,1,4294967295,0,0
Block,704,0,001B0EA7,0,1,1,4294967295,0,0
Block,736,0,00227482,0,1,1,4294967295,0,0
Block,768,0,002B8F07,0,1,1,4294967295,0,0
Block,768,32,00375167,0,1,1,4294967295,0,0
Block,768,64,003815C5,0,1,1,4294967295,0,0
Block,768,96,002C9A69,0,1,1,4294967295,0,0
Block,768,128,003D6737,0,1,1,4294967295,0,0
Block,768,160,00261D59,0,1,1,4294967295,0,0
Block,768,192,001A6DEE,0,1,1,4294967295,0,0
Block,768,224,003EDE5F,0,1,1,4294967295,0,0
Block,768,256,00138B99,0,1,1,4294967295,0,0
Block,768,288,001FBE83,0,1,1,4294967295,0,0
Block,768,320,00191232,0,1,1,4294967295,0,0
Block,768,352,001ED110,0,1,1,4294967295,0,0
Block,768,384,0035973B,0,1,1,4294967295,0,0
Block,768,416,00330751,0,1,1,4294967295,0,0
Block,768,448,00141426,0,1,1,4294967295,0,0
Block,768,480,00307BD9,0,1,1,4294967295,0,0
Block,768,512,002DAD4C,0,1,1,4294967295,0,0
Block,768,544,000C1CE8,0,1,1,4294967295,0,0
Block,768,576,002DF049,0,1,1,4294967295,0,0
Block,736,576,000ECF9B,0,1,1,4294967295,0,0
Block,704,576,002DBFFF,0,1,1,4294967295,0,0
Block,672,576,002EAB0A,0,1,1,4294967295,0,0
Block,640,576,002568C4,0,1,1,4294967295,0,0
Block,608,576,000C4BDB,0,1,1,4294967295,0,0
Block,576,576,001955C0,0,1,1,4294967295,0,0
Block,544,576,000949B9,0,1,1,4294967295,0,0
Block,128,416,0014BAD6,0,1,1,4294967295,0,0
Block,128,384,0012D6CB,0,1,1,4294967295,0,0
Block,128,352,00024A32,0,1,1,4294967295,0,0
Block,128,320,00083EC1,0,1,1,4294967295,0,0
Block,128,288,00382C6B,0,1,1,4294967295,0,0
Block,128,256,002B996A,0,1,1,4294967295,0,0
Block,128,224,000E8AF9,0,1,1,4294967295,0,0
Block,32,128,0010C930,0,1,1,4294967295,0,0
Block,64,128,001043BA,0,1,1,4294967295,0,0
Block,96,128,000A5452,0,1,1,4294967295,0,0
Block,128,128,000FD358,0,1,1,4294967295,0,0
Block,160,128,00123239,0,1,1,4294967295,0,0
Block,192,128,000ED74F,0,1,1,4294967295,0,0
Block,224,128,0036F64D,0,1,1,4294967295,0,0
Block,256,128,002C4610,0,1,1,4294967295,0,0
Block,352,128,002CFCC9,0,1,1,4294967295,0,0
Block,384,128,000FAA31,0,1,1,4294967295,0,0
Block,416,128,00138142,0,1,1,4294967295,0,0
Block,448,128,0007A726,0,1,1,4294967295,0,0
Block,480,128,00183D42,0,1,1,4294967295,0,0
Block,512,128,0031B6C9,0,1,1,4294967295,0,0
Block,544,64,003F063B,0,1,1,4294967295,0,0
Block,544,96,003CAA92,0,1,1,4294967295,0,0
Block,512,160,00027B50,0,1,1,4294967295,0,0
Block,256,224,001121D5,0,1,1,4294967295,0,0
Block,256,256,003B59BC,0,1,1,4294967295,0,0
Block,288,256,002875B9,0,1,1,4294967295,0,0
Block,320,256,0031B6E8,0,1,1,4294967295,0,0
Block,352,256,00086AD6,0,1,1,4294967295,0,0
Block,352,224,000DFD74,0,1,1,4294967295,0,0
Block,672,448,00309C21,0,1,1,4294967295,0,0
Block,640,448,00335E9B,0,1,1,4294967295,0,0
Block,640,416,000AB635,0,1,1,4294967295,0,0
Block,640,384,00048F85,0,1,1,4294967295,0,0
Block,640,352,0014D1FD,0,1,1,4294967295,0,0
Block,640,320,002B77F1,0,1,1,4294967295,0,0
Block,640,288,00260E2A,0,1,1,4294967295,0,0
Block,640,256,00052105,0,1,1,4294967295,0,0
Block,640,224,0004A203,0,1,1,4294967295,0,0
Block,608,224,003D1E45,0,1,1,4294967295,0,0
Block,576,224,000548E4,0,1,1,4294967295,0,0
Block,672,224,002F6087,0,1,1,4294967295,0,0
Block,704,224,0017A2C6,0,1,1,4294967295,0,0
Block,704,352,002939FD,0,1,1,4294967295,0,0
Block,736,352,003B4007,0,1,1,4294967295,0,0
Block,672,160,0014628F,0,1,1,4294967295,0,0
Block,704,96,002F8CDC,0,1,1,4294967295,0,0
Block,672,96,003C6B2D,0,1,1,4294967295,0,0
Block,608,96,0010917D,0,1,1,4294967295,0,0
Block,512,544,00123827,0,1,1,4294967295,0,0
Block,384,256,003DB1F3,0,1,1,4294967295,0,0
Block,384,288,0018CE02,0,1,1,4294967295,0,0
Block,384,320,00276A47,0,1,1,4294967295,0,0
Block,384,352,0029C30C,0,1,1,4294967295,0,0
Block,384,384,00062F92,0,1,1,4294967295,0,0
Block,384,416,002E070C,0,1,1,4294967295,0,0
Block,576,256,00088B6E,0,1,1,4294967295,0,0
Block,704,544,0038F8AE,0,1,1,4294967295,0,0
Block,576,192,00325802,0,1,1,4294967295,0,0
Block,160,416,00129F50,0,1,1,4294967295,0,0
Block,192,416,00381F98,0,1,1,4294967295,0,0
Block,224,416,0007AA95,0,1,1,4294967295,0,0
Block,256,416,0016ED0B,0,1,1,4294967295,0,0
Block,288,416,001011F9,0,1,1,4294967295,0,0
Block,320,416,001258BD,0,1,1,4294967295,0,0
Block,352,416,001F7A29,0,1,1,4294967295,0,0
Block,32,448,002996E0,0,1,1,4294967295,0,0
Block,64,448,002B3223,0,1,1,4294967295,0,0
Block,256,160,003A5914,0,1,1,4294967295,0,0
Block,256,192,000C9BFC,0,1,1,4294967295,0,0
Block,128,192,0013BB01,0,1,1,4294967295,0,0
Block,32,224,001EA2BF,0,1,1,4294967295,0,0
Block,96,352,002DFB01,0,1,1,4294967295,0,0
Block,544,32,001B3734,0,1,1,4294967295,0,0
Block,544,128,001771B5,0,1,1,4294967295,0,0
Block,672,64,003D7AAA,0,1,1,4294967295,0,0
Block,128,96,0035021B,0,1,1,4294967295,0,0
WarpToHub,64,96,001D5BF6,0,1,1,4294967295,0,0
WarpToHubPoint,32,416,0025865F,0,1,1,4294967295,0,0
WarpToHubPoint,736,320,0009CA3A,0,1,1,4294967295,0,0
RenWin,336,400,002A5050,0,1,1,4294967295,0,0
RenApple,96,32,002DD9A7,0,1,1,4294967295,0,0
RenApple,384,224,00095AA1,0,1,1,4294967295,0,0
RenApple,416,224,0015FA3C,0,1,1,4294967295,0,0
RenApple,480,544,001CCDCC,0,1,1,4294967295,0,0
RenApple,448,544,002E3E7A,0,1,1,4294967295,0,0
RenApple,416,544,0001A1D7,0,1,1,4294967295,0,0
RenApple,384,544,0014DF3B,0,1,1,4294967295,0,0
RenApple,352,192,0039C0D9,0,1,1,4294967295,0,0
RenApple,704,480,001BD172,0,1,1,4294967295,0,0
RenSave,64,96,0004AFA5,0,1,1,4294967295,0,0
RenSave,736,320,000D9C95,0,1,1,4294967295,0,0
RenClown,608,256,0013E757,0,1,1,4294967295,0,0
RenApple,736,544,0015620B,0,1,1,4294967295,0,0
RenTrapStar,736,384,00349E7B,0,1,1,4294967295,0,0
RenClown,32,480,00003301,0,1,1,4294967295,0,0
RenClown,32,544,001191C4,0,1,1,4294967295,0,0
RenClown,288,224,0001B8F5,0,1,1,4294967295,0,0
RenClown,576,160,0039F2CD,0,1,1,4294967295,0,0
RenApple,64,320,001498D3,0,1,1,4294967295,0,0
RenApple,64,256,0000CFB9,0,1,1,4294967295,0,0
RenApple,96,192,0014CA28,0,1,1,4294967295,0,0
RenApple,32,160,00165C24,0,1,1,4294967295,0,0
RenHitBallU,208,240,0004916F,0,1,1,4294967295,0,0
RenHitBallD,176,272,000DFE4A,0,1,1,4294967295,0,0
RenHitBallV,272,368,00053B10,0,1,1,4294967295,0,0
RenHitBallV,288,336,000748EB,0,1,1,4294967295,0,0
RenHitBallV,304,304,00208B40,0,1,1,4294967295,0,0
RenHitBallH,208,368,003C2F00,0,1,1,4294967295,0,0
RenHitBallU,480,352,003C69FA,0,1,1,4294967295,0,0
RenApple,288,352,00212C9F,0,1,1,4294967295,0,0
RenApple,256,384,000A52C5,0,1,1,4294967295,0,0
RenApple,320,320,0036E427,0,1,1,4294967295,0,0
RenHitBallU,352,368,000470AC,0,1,1,4294967295,0,0
RenApple,192,320,0015AE9D,0,1,1,4294967295,0,0
RenApple,160,352,00293A1F,0,1,1,4294967295,0,0
RenApple,224,384,0003A481,0,1,1,4294967295,0,0
RenApple,512,416,003279D3,0,1,1,4294967295,0,0
RenApple,128,448,003763F2,0,1,1,4294967295,0,0
RenApple,160,448,001186AE,0,1,1,4294967295,0,0
RenApple,192,448,00121FC0,0,1,1,4294967295,0,0
RenApple,224,448,001E6FA2,0,1,1,4294967295,0,0
RenApple,256,448,0013D7A8,0,1,1,4294967295,0,0
RenApple,288,448,0014206F,0,1,1,4294967295,0,0
RenApple,320,448,002D60C0,0,1,1,4294967295,0,0
RenApple,352,448,003D90D9,0,1,1,4294967295,0,0
RenApple,224,32,0011D919,0,1,1,4294967295,0,0
RenApple,160,32,0029BE46,0,1,1,4294967295,0,0
RenWallTransform,512,448,00205A96,0,1,1,4294967295,0,0
RenClown,416,64,0021E5F4,0,1,1,4294967295,0,0
RenSave,32,416,0022CC51,0,1,1,4294967295,0,0
RenClown,32,512,0023F783,0,1,1,4294967295,0,0
RenAtomBomb,560,560,0031B594,0,1,1,4294967295,0,0
RenTrapStar,640,32,001AB27F,0,1,1,4294967295,0,0
MusicPlayer,416,32,0018122D,0,1,1,4294967295,0,0
RenApple,448,240,000E4DD2,0,1,1,4294967295,0,0
RenClown,320,224,001BDE1E,0,1,1,4294967295,0,0
RenApple,352,384,000DC510,0,1,1,4294967295,0,0
RenApple,704,64,00132DCD,0,1,1,4294967295,0,0
RenApple,192,96,001156ED,0,1,1,4294967295,0,0
RenApple,256,96,00228A84,0,1,1,4294967295,0,0
RenTrapStar,576,288,0027DA26,0,1,1,4294967295,0,0
RenApple,512,192,0012E503,0,1,1,4294967295,0,0
RenApple,384,448,001916CD,0,1,1,4294967295,0,0
PlayerStart,32,96,00110AD3,0,1,1,4294967295,0,0
