backgroundFit,32,128,00379D56,0,1,1,4294967295,0,0
RenTiler,32,96,002AF2CD,0,1,1,4294967295,0,0
Block,0,192,0008040A,0,1,1,4294967295,0,0
Block,0,224,001B9C91,0,1,1,4294967295,0,0
Block,0,256,002A4305,0,1,1,4294967295,0,0
Block,0,288,0002ECEF,0,1,1,4294967295,0,0
Block,0,320,000B0F25,0,1,1,4294967295,0,0
Block,0,352,001D9EDF,0,1,1,4294967295,0,0
Block,0,384,0035DE34,0,1,1,4294967295,0,0
Block,0,416,003329A9,0,1,1,4294967295,0,0
Block,0,448,002EA47C,0,1,1,4294967295,0,0
Block,0,480,001C651E,0,1,1,4294967295,0,0
Block,0,512,0012EFBA,0,1,1,4294967295,0,0
Block,0,544,003AB399,0,1,1,4294967295,0,0
Block,0,576,001C3192,0,1,1,4294967295,0,0
Block,32,576,000D8F8B,0,1,1,4294967295,0,0
Block,64,576,0030C826,0,1,1,4294967295,0,0
Block,96,576,00115C1A,0,1,1,4294967295,0,0
Block,128,576,003C704E,0,1,1,4294967295,0,0
Block,160,576,0016F643,0,1,1,4294967295,0,0
Block,192,576,00270814,0,1,1,4294967295,0,0
Block,224,576,0011C3C4,0,1,1,4294967295,0,0
Block,256,576,00122C7A,0,1,1,4294967295,0,0
Block,288,576,0002E844,0,1,1,4294967295,0,0
Block,320,576,0017CA88,0,1,1,4294967295,0,0
Block,352,576,0027AD7F,0,1,1,4294967295,0,0
Block,384,576,002517E9,0,1,1,4294967295,0,0
Block,416,576,0016D9FA,0,1,1,4294967295,0,0
Block,448,576,003D62E3,0,1,1,4294967295,0,0
Block,480,576,000C5AC8,0,1,1,4294967295,0,0
Block,512,576,002B7B4A,0,1,1,4294967295,0,0
Block,544,576,001684A9,0,1,1,4294967295,0,0
Block,576,576,003564BD,0,1,1,4294967295,0,0
Block,608,576,001C503A,0,1,1,4294967295,0,0
Block,640,576,000DBF71,0,1,1,4294967295,0,0
Block,672,576,0004A2F3,0,1,1,4294967295,0,0
Block,704,576,00030C18,0,1,1,4294967295,0,0
Block,736,576,001AA117,0,1,1,4294967295,0,0
Block,768,576,00244353,0,1,1,4294967295,0,0
Block,768,544,0008A601,0,1,1,4294967295,0,0
Block,768,512,000075B4,0,1,1,4294967295,0,0
Block,768,480,003B4C5C,0,1,1,4294967295,0,0
Block,768,448,0037C168,0,1,1,4294967295,0,0
Block,768,416,000763AF,0,1,1,4294967295,0,0
Block,768,384,00283436,0,1,1,4294967295,0,0
Block,768,352,001E9BE7,0,1,1,4294967295,0,0
Block,768,320,002FD0BE,0,1,1,4294967295,0,0
Block,768,288,002751DD,0,1,1,4294967295,0,0
Block,768,256,00072FF4,0,1,1,4294967295,0,0
Block,768,224,0026B70B,0,1,1,4294967295,0,0
Block,768,192,00224BB5,0,1,1,4294967295,0,0
Block,768,128,0013F747,0,1,1,4294967295,0,0
Block,768,96,0002A61C,0,1,1,4294967295,0,0
Block,512,416,003C85F5,0,1,1,4294967295,0,0
Block,512,448,003BDDA5,0,1,1,4294967295,0,0
Block,416,416,00269830,0,1,1,4294967295,0,0
Block,416,448,000A925C,0,1,1,4294967295,0,0
Block,320,448,002F1285,0,1,1,4294967295,0,0
Block,320,384,000BE141,0,1,1,4294967295,0,0
Block,320,352,00073D5D,0,1,1,4294967295,0,0
Block,256,384,0009C626,0,1,1,4294967295,0,0
Block,256,448,002670E3,0,1,1,4294967295,0,0
Block,288,448,000E69BB,0,1,1,4294967295,0,0
Block,224,480,003851AC,0,1,1,4294967295,0,0
Block,368,544,003786C4,0,1,1,4294967295,0,0
Block,128,480,00060E8F,0,1,1,4294967295,0,0
Block,128,320,0039AD60,0,1,1,4294967295,0,0
Block,128,288,001F0CA3,0,1,1,4294967295,0,0
Block,128,256,000E2348,0,1,1,4294967295,0,0
Block,128,224,0019A1D4,0,1,1,4294967295,0,0
Block,128,192,00157191,0,1,1,4294967295,0,0
Block,160,192,003BD47A,0,1,1,4294967295,0,0
Block,192,192,00194799,0,1,1,4294967295,0,0
Block,224,192,00109B1B,0,1,1,4294967295,0,0
Block,224,160,0024AB66,0,1,1,4294967295,0,0
Block,224,128,002FBC2E,0,1,1,4294967295,0,0
Block,320,128,000C976B,0,1,1,4294967295,0,0
Block,320,288,00162472,0,1,1,4294967295,0,0
Block,288,288,000896DA,0,1,1,4294967295,0,0
Block,256,288,0016C16F,0,1,1,4294967295,0,0
Block,224,320,003DCA07,0,1,1,4294967295,0,0
Block,192,320,000E48E1,0,1,1,4294967295,0,0
Block,160,320,00129F89,0,1,1,4294967295,0,0
Block,0,160,00175C99,0,1,1,4294967295,0,0
Block,0,128,002AFD62,0,1,1,4294967295,0,0
Block,0,96,0017EE51,0,1,1,4294967295,0,0
Block,0,64,002707B0,0,1,1,4294967295,0,0
Block,0,32,00058B36,0,1,1,4294967295,0,0
Block,0,0,0011E1B7,0,1,1,4294967295,0,0
Block,32,0,0040251C,0,1,1,4294967295,0,0
Block,64,0,003A7BAD,0,1,1,4294967295,0,0
Block,96,0,002CF2F1,0,1,1,4294967295,0,0
Block,128,0,00337F5C,0,1,1,4294967295,0,0
Block,160,0,002208AB,0,1,1,4294967295,0,0
Block,192,0,00085B24,0,1,1,4294967295,0,0
Block,224,0,00088E76,0,1,1,4294967295,0,0
Block,256,0,003C08B0,0,1,1,4294967295,0,0
Block,288,0,00036F91,0,1,1,4294967295,0,0
Block,320,0,000915EC,0,1,1,4294967295,0,0
Block,352,0,002DB0A6,0,1,1,4294967295,0,0
Block,384,0,00374E2F,0,1,1,4294967295,0,0
Block,416,0,003F8C4C,0,1,1,4294967295,0,0
Block,448,0,00204082,0,1,1,4294967295,0,0
Block,480,0,00391CA5,0,1,1,4294967295,0,0
Block,512,0,00321AD9,0,1,1,4294967295,0,0
Block,544,0,001BE28B,0,1,1,4294967295,0,0
Block,576,0,000E8EF0,0,1,1,4294967295,0,0
Block,608,0,003D6CE9,0,1,1,4294967295,0,0
Block,640,0,0026A3D8,0,1,1,4294967295,0,0
Block,672,0,0039A5B5,0,1,1,4294967295,0,0
Block,704,0,000964E8,0,1,1,4294967295,0,0
Block,736,0,001648FA,0,1,1,4294967295,0,0
Block,768,0,00041635,0,1,1,4294967295,0,0
Block,768,64,00111EAC,0,1,1,4294967295,0,0
Block,576,448,001E48CD,0,1,1,4294967295,0,0
Block,576,352,0013AA00,0,1,1,4294967295,0,0
Block,576,256,000A3FC8,0,1,1,4294967295,0,0
Block,576,224,002A9A8D,0,1,1,4294967295,0,0
Block,672,448,0025DF40,0,1,1,4294967295,0,0
Block,704,448,000D5908,0,1,1,4294967295,0,0
Block,704,352,00100555,0,1,1,4294967295,0,0
Block,672,352,00253552,0,1,1,4294967295,0,0
Block,640,352,001DCBD8,0,1,1,4294967295,0,0
Block,448,256,0026CEE5,0,1,1,4294967295,0,0
Block,192,64,000ADDFA,0,1,1,4294967295,0,0
Block,160,64,000510F8,0,1,1,4294967295,0,0
Block,128,64,001A6BA6,0,1,1,4294967295,0,0
Block,128,96,001D886C,0,1,1,4294967295,0,0
Block,608,160,00253B50,0,1,1,4294967295,0,0
Block,576,128,00356923,0,1,1,4294967295,0,0
Block,480,128,001D0A9F,0,1,1,4294967295,0,0
Block,448,160,0022C240,0,1,1,4294967295,0,0
Block,224,64,0030987A,0,1,1,4294967295,0,0
Block,32,480,001576EB,0,1,1,4294967295,0,0
Block,32,288,002DDA26,0,1,1,4294967295,0,0
Block,288,384,00221C7E,0,1,1,4294967295,0,0
Block,224,288,0005211B,0,1,1,4294967295,0,0
Block,512,544,003B7E5B,0,1,1,4294967295,0,0
Block,736,64,0006FDA1,0,1,1,4294967295,0,0
Block,768,32,0014D6F2,0,1,1,4294967295,0,0
Block,736,192,00206828,0,1,1,4294967295,0,0
Block,640,448,00126EFE,0,1,1,4294967295,0,0
Block,544,64,00039B2C,0,1,1,4294967295,0,0
Block,576,64,00097929,0,1,1,4294967295,0,0
Block,512,64,002FD4A8,0,1,1,4294967295,0,0
Block,256,416,002A4359,0,1,1,4294967295,0,0
Block,320,416,00102C5A,0,1,1,4294967295,0,0
Block,608,64,000ED9F1,0,1,1,4294967295,0,0
Block,128,384,00218BF4,0,1,1,4294967295,0,0
Block,704,544,000826BB,0,1,1,4294967295,0,0
Block,128,416,00290744,0,1,1,4294967295,0,0
Block,768,160,003CD1D2,0,1,1,4294967295,0,0
Block,480,64,001424CD,0,1,1,4294967295,0,0
Block,448,64,00068A1A,0,1,1,4294967295,0,0
WarpToHub,192,288,0001BB88,0,1,1,4294967295,0,0
RenSpikeUp,368,512,001A3422,0,1,1,4294967295,0,0
RenSpikeUp,416,384,00098F15,0,1,1,4294967295,0,0
RenSpikeUp,288,544,00234E64,0,1,1,4294967295,0,0
RenSpikeUp,32,256,003FBF84,0,1,1,4294967295,0,0
RenSpikeUp,256,544,003B81BA,0,1,1,4294967295,0,0
RenSpikeUp,32,448,002FA583,0,1,1,4294967295,0,0
RenSpikeUp,128,352,0037C06C,0,1,1,4294967295,0,0
RenSpikeUp,112,544,0034F1E7,0,1,1,4294967295,0,0
RenSpikeUp,80,544,00239210,0,1,1,4294967295,0,0
RenSpikeUp,144,544,001D682F,0,1,1,4294967295,0,0
RenSpikeUp,256,256,00281A73,0,1,1,4294967295,0,0
RenSpikeUp,576,320,00104FA1,0,1,1,4294967295,0,0
RenSpikeUp,320,256,001D4C1B,0,1,1,4294967295,0,0
RenSpikeUp,736,32,003DF04A,0,1,1,4294967295,0,0
RenSpikeUp,128,160,002545F1,0,1,1,4294967295,0,0
RenSpikeUp,336,544,003C4BDD,0,1,1,4294967295,0,0
RenSpikeUp,400,544,00099C06,0,1,1,4294967295,0,0
RenSpikeUp,352,416,0006B33F,0,1,1,4294967295,0,0
RenSpikeUp,384,416,00317EFF,0,1,1,4294967295,0,0
RenSpikeUp,512,512,0029B0DF,0,1,1,4294967295,0,0
RenSpikeUp,576,416,000D7B57,0,1,1,4294967295,0,0
RenSpikeUp,672,416,0010859C,0,1,1,4294967295,0,0
RenSpikeUp,672,544,002048DE,0,1,1,4294967295,0,0
RenSpikeUp,640,544,003AE982,0,1,1,4294967295,0,0
RenSpikeUp,192,416,00317B58,0,1,1,4294967295,0,0
RenSpikeUp,320,192,001C58AC,0,1,1,4294967295,0,0
RenSpikeUp,192,544,00003DC1,0,1,1,4294967295,0,0
RenSpikeUp,576,544,0023BE8D,0,1,1,4294967295,0,0
RenSpikeUp,736,544,001C7B4E,0,1,1,4294967295,0,0
WarpToHubPoint,224,448,0012F0A8,0,1,1,4294967295,0,0
WarpToHubPoint,704,416,0036E2E0,0,1,1,4294967295,0,0
WarpToHubPoint,608,128,003F1D13,0,1,1,4294967295,0,0
RenSpikeRight,352,288,001F0DA7,0,1,1,4294967295,0,0
RenWin,48,560,003CC7C7,0,1,1,4294967295,0,0
RenSpikeDown,320,480,00302E59,0,1,1,4294967295,0,0
RenSpikeDown,416,480,00023C8C,0,1,1,4294967295,0,0
RenSpikeLeft,480,448,001980EC,0,1,1,4294967295,0,0
RenSpikeDown,256,320,002CDBAD,0,1,1,4294967295,0,0
RenSpikeDown,192,352,0006F416,0,1,1,4294967295,0,0
RenSpikeDown,704,480,0003FC1D,0,1,1,4294967295,0,0
RenSpikeDown,672,480,002A25EA,0,1,1,4294967295,0,0
RenSpikeDown,704,384,00049A22,0,1,1,4294967295,0,0
RenSpikeDown,640,384,00059D8F,0,1,1,4294967295,0,0
RenSpikeDown,448,288,0037B064,0,1,1,4294967295,0,0
RenSpikeLeft,192,128,000A0866,0,1,1,4294967295,0,0
RenSpikeRight,160,96,003BDF31,0,1,1,4294967295,0,0
RenSpikeDown,480,160,00004282,0,1,1,4294967295,0,0
RenSpikeLeft,416,160,003AB79B,0,1,1,4294967295,0,0
RenSpikeLeft,544,128,002D1349,0,1,1,4294967295,0,0
RenSpikeRight,512,128,003BB505,0,1,1,4294967295,0,0
RenSpikeRight,64,480,00028640,0,1,1,4294967295,0,0
RenSpikeRight,64,288,001903A3,0,1,1,4294967295,0,0
RenSpikeLeft,96,416,00196518,0,1,1,4294967295,0,0
RenSpikeLeft,544,224,003E0087,0,1,1,4294967295,0,0
RenSpikeRight,480,256,00075288,0,1,1,4294967295,0,0
RenSpikeDown,256,480,00010546,0,1,1,4294967295,0,0
RenSpikeDown,288,480,0037204A,0,1,1,4294967295,0,0
RenSave,192,288,000D7E45,0,1,1,4294967295,0,0
RenSave,608,128,000A2382,0,1,1,4294967295,0,0
RenSave,224,448,0024E494,0,1,1,4294967295,0,0
RenSave,704,416,002A7188,0,1,1,4294967295,0,0
RenSpikeDown,32,320,00047FED,0,1,1,4294967295,0,0
RenSpikeDown,32,512,003D4FF6,0,1,1,4294967295,0,0
RenSpikeRight,160,384,0037343C,0,1,1,4294967295,0,0
RenSpikeRight,544,544,002E8B80,0,1,1,4294967295,0,0
RenSpikeLeft,480,544,0003125A,0,1,1,4294967295,0,0
RenSpikeDown,576,480,0011BE06,0,1,1,4294967295,0,0
RenSpikeRight,608,256,003AACBD,0,1,1,4294967295,0,0
RenSpikeLeft,96,192,00338EF6,0,1,1,4294967295,0,0
RenSpikeLeft,96,64,0012C177,0,1,1,4294967295,0,0
RenSpikeLeft,224,384,00293921,0,1,1,4294967295,0,0
RenSpikeRight,352,128,0036201F,0,1,1,4294967295,0,0
RenSpikeDown,128,512,0001AC7E,0,1,1,4294967295,0,0
RenSpikeRight,352,352,001B1ADB,0,1,1,4294967295,0,0
RenSpikeLeft,272,240,0020E782,0,1,1,4294967295,0,0
RenSpikeDown,192,224,00104D7A,0,1,1,4294967295,0,0
RenSpikeDown,576,160,00024DBF,0,1,1,4294967295,0,0
RenSpikeDown,576,288,000E332E,0,1,1,4294967295,0,0
RenSpikeDown,576,384,0030DBCF,0,1,1,4294967295,0,0
RenSpikeRight,608,448,00230A45,0,1,1,4294967295,0,0
RenSpikeLeft,544,352,00277253,0,1,1,4294967295,0,0
RenSpikeDown,224,512,00247BDA,0,1,1,4294967295,0,0
RenSpikeDown,320,224,00372688,0,1,1,4294967295,0,0
RenSpikeRight,304,240,00340802,0,1,1,4294967295,0,0
RenSpikeLeft,336,240,00325E58,0,1,1,4294967295,0,0
RenSpikeLeft,704,64,002D26A1,0,1,1,4294967295,0,0
RenSpikeDown,64,32,00156A76,0,1,1,4294967295,0,0
RenSpikeRight,640,160,0019C840,0,1,1,4294967295,0,0
RenSpikeDown,672,304,00376C3B,0,1,1,4294967295,0,0
RenSpikeDown,704,304,00179F4E,0,1,1,4294967295,0,0
RenSpikeDown,736,304,000BC635,0,1,1,4294967295,0,0
RenSpikeDown,736,224,002F807B,0,1,1,4294967295,0,0
RenSpikeRight,256,160,00349B3D,0,1,1,4294967295,0,0
MusicPlayer,32,32,0039DB2F,0,1,1,4294967295,0,0
RenSpikeDown,736,96,00192088,0,1,1,4294967295,0,0
RenSpikeRight,640,64,001D3278,0,1,1,4294967295,0,0
RenSpikeLeft,288,352,00195807,0,1,1,4294967295,0,0
RenSpikeLeft,480,416,003E1A5F,0,1,1,4294967295,0,0
RenSpikeDown,368,448,003F4ED9,0,1,1,4294967295,0,0
RenSpikeDown,512,480,000F841B,0,1,1,4294967295,0,0
RenSpikeLeft,704,192,00236D14,0,1,1,4294967295,0,0
RenSpikeDown,608,304,00224156,0,1,1,4294967295,0,0
RenSpikeRight,736,352,002EE1D6,0,1,1,4294967295,0,0
RenSpikeDown,128,448,00135A99,0,1,1,4294967295,0,0
RenSpikeLeft,96,384,00241005,0,1,1,4294967295,0,0
RenSpikeRight,160,416,000E29DC,0,1,1,4294967295,0,0
RenSpikeDown,640,256,000F4134,0,1,1,4294967295,0,0
RenApple,288,416,00015B8A,0,1,1,4294967295,0,0
RenSpikeLeft,288,128,00220EC5,0,1,1,4294967295,0,0
RenSpikeRight,256,64,004007AE,0,1,1,4294967295,0,0
RenSpikeLeft,416,64,0009AB4D,0,1,1,4294967295,0,0
PlayerStart,160,288,001A4988,0,1,1,4294967295,0,0
MirrorBlocks,32,64,0026029C,0,1,1,4294967295,0,0
