backgroundFit,32,32,00274AD0,0,1,1,4294967295,0,0
RenTiler,64,32,00007B08,0,1,1,4294967295,0,0
Block,0,0,00274DDF,0,1,1,4294967295,0,0
Block,0,32,001309C0,0,1,1,4294967295,0,0
Block,0,64,000E5F7D,0,1,1,4294967295,0,0
Block,0,96,0018882D,0,1,1,4294967295,0,0
Block,0,128,00018069,0,1,1,4294967295,0,0
Block,0,160,0009589F,0,1,1,4294967295,0,0
Block,0,192,002F626F,0,1,1,4294967295,0,0
Block,0,224,0024E6D1,0,1,1,4294967295,0,0
Block,0,256,0012D328,0,1,1,4294967295,0,0
Block,0,288,000B383D,0,1,1,4294967295,0,0
Block,0,320,0021BB80,0,1,1,4294967295,0,0
Block,0,352,00059D71,0,1,1,4294967295,0,0
Block,0,384,000C5D77,0,1,1,4294967295,0,0
Block,0,416,00178E9A,0,1,1,4294967295,0,0
Block,0,448,0021092F,0,1,1,4294967295,0,0
Block,0,480,0025AD98,0,1,1,4294967295,0,0
Block,0,512,00236558,0,1,1,4294967295,0,0
Block,0,544,000CB48D,0,1,1,4294967295,0,0
Block,0,576,00241FC0,0,1,1,4294967295,0,0
Block,32,576,0009C6BB,0,1,1,4294967295,0,0
Block,64,576,0012E23D,0,1,1,4294967295,0,0
Block,96,576,003A6FC7,0,1,1,4294967295,0,0
Block,128,576,001AA7AF,0,1,1,4294967295,0,0
Block,160,576,00245ED3,0,1,1,4294967295,0,0
Block,192,576,000C8832,0,1,1,4294967295,0,0
Block,224,576,00164A6F,0,1,1,4294967295,0,0
Block,256,576,0037B49F,0,1,1,4294967295,0,0
Block,288,576,0016C2A9,0,1,1,4294967295,0,0
Block,320,576,00248DB6,0,1,1,4294967295,0,0
Block,352,576,0016A56F,0,1,1,4294967295,0,0
Block,384,592,9B1CFB8D,0,1,1,4294967295,0,1
Block,416,576,00134C77,0,1,1,4294967295,0,0
Block,448,576,0031B5C1,0,1,1,4294967295,0,0
Block,480,576,000DAB61,0,1,1,4294967295,0,0
Block,512,576,003361DE,0,1,1,4294967295,0,0
Block,544,576,00076845,0,1,1,4294967295,0,0
Block,576,576,00331585,0,1,1,4294967295,0,0
Block,608,576,003883A4,0,1,1,4294967295,0,0
Block,640,576,00234D07,0,1,1,4294967295,0,0
Block,672,576,0030FAC8,0,1,1,4294967295,0,0
Block,704,576,0017A505,0,1,1,4294967295,0,0
Block,736,576,00043D45,0,1,1,4294967295,0,0
Block,768,576,00138ED6,0,1,1,4294967295,0,0
Block,768,544,00119689,0,1,1,4294967295,0,0
Block,768,512,00186A7D,0,1,1,4294967295,0,0
Block,768,480,0018A41F,0,1,1,4294967295,0,0
Block,768,448,002BC795,0,1,1,4294967295,0,0
Block,768,416,0024EE7A,0,1,1,4294967295,0,0
Block,768,384,00053C2B,0,1,1,4294967295,0,0
Block,768,352,000C0358,0,1,1,4294967295,0,0
Block,768,320,001F6276,0,1,1,4294967295,0,0
Block,768,288,003368B5,0,1,1,4294967295,0,0
Block,768,256,0024E635,0,1,1,4294967295,0,0
Block,768,224,001F3F3D,0,1,1,4294967295,0,0
Block,768,192,0032CCDE,0,1,1,4294967295,0,0
Block,768,160,003B3F43,0,1,1,4294967295,0,0
Block,768,128,0012E89D,0,1,1,4294967295,0,0
Block,768,96,0008D411,0,1,1,4294967295,0,0
Block,768,64,003A8AE4,0,1,1,4294967295,0,0
Block,768,32,00188D65,0,1,1,4294967295,0,0
Block,768,0,00229D37,0,1,1,4294967295,0,0
Block,736,0,003423E7,0,1,1,4294967295,0,0
Block,704,0,00057DF3,0,1,1,4294967295,0,0
Block,672,0,002AE088,0,1,1,4294967295,0,0
Block,640,0,002AAA5F,0,1,1,4294967295,0,0
Block,608,0,000F61D9,0,1,1,4294967295,0,0
Block,576,0,00199DEE,0,1,1,4294967295,0,0
Block,544,0,00163F47,0,1,1,4294967295,0,0
Block,512,0,0025B9FB,0,1,1,4294967295,0,0
Block,480,0,00082A45,0,1,1,4294967295,0,0
Block,448,0,002A4F71,0,1,1,4294967295,0,0
Block,416,0,0014C0A1,0,1,1,4294967295,0,0
Block,384,0,001B19D9,0,1,1,4294967295,0,0
Block,352,0,0009502A,0,1,1,4294967295,0,0
Block,320,0,001EEE65,0,1,1,4294967295,0,0
Block,288,0,0017EF10,0,1,1,4294967295,0,0
Block,256,0,002AC103,0,1,1,4294967295,0,0
Block,224,0,0021EB27,0,1,1,4294967295,0,0
Block,192,0,003DCE62,0,1,1,4294967295,0,0
Block,160,0,00214325,0,1,1,4294967295,0,0
Block,128,0,003F9D5E,0,1,1,4294967295,0,0
Block,96,0,000A70D0,0,1,1,4294967295,0,0
Block,64,0,001548C8,0,1,1,4294967295,0,0
Block,32,0,000E4E92,0,1,1,4294967295,0,0
Block,384,128,003C6556,0,1,1,4294967295,0,0
Block,352,128,0038C3ED,0,1,1,4294967295,0,0
Block,416,128,0004B784,0,1,1,4294967295,0,0
Block,320,96,0024C068,0,1,1,4294967295,0,0
Block,320,128,0028317B,0,1,1,4294967295,0,0
Block,448,128,00057BF1,0,1,1,4294967295,0,0
Block,480,96,001F7307,0,1,1,4294967295,0,0
Block,320,64,003EB17A,0,1,1,4294967295,0,0
Block,320,32,0030E8C5,0,1,1,4294967295,0,0
Block,288,128,00339C9F,0,1,1,4294967295,0,0
Block,256,128,00271296,0,1,1,4294967295,0,0
Block,224,128,0003ECB6,0,1,1,4294967295,0,0
Block,160,128,00135DB0,0,1,1,4294967295,0,0
Block,544,288,000E62C1,0,1,1,4294967295,0,0
Block,576,288,001B9E11,0,1,1,4294967295,0,0
Block,608,288,003AD126,0,1,1,4294967295,0,0
Block,640,288,0023271E,0,1,1,4294967295,0,0
Block,672,288,002D5125,0,1,1,4294967295,0,0
Block,704,288,001350D3,0,1,1,4294967295,0,0
Block,736,288,00006EAB,0,1,1,4294967295,0,0
Block,256,320,002C2E47,0,1,1,4294967295,0,0
Block,320,320,002E25E3,0,1,1,4294967295,0,0
Block,320,352,0024FF48,0,1,1,4294967295,0,0
Block,320,384,001E766B,0,1,1,4294967295,0,0
Block,320,448,0031CA24,0,1,1,4294967295,0,0
Block,512,448,00155AF6,0,1,1,4294967295,0,0
Block,320,480,003CA7A8,0,1,1,4294967295,0,0
Block,352,480,00055E12,0,1,1,4294967295,0,0
Block,384,480,000FCD6F,0,1,1,4294967295,0,0
Block,416,480,00013C05,0,1,1,4294967295,0,0
Block,448,480,0030C314,0,1,1,4294967295,0,0
Block,480,480,002FA921,0,1,1,4294967295,0,0
Block,512,480,003BBF65,0,1,1,4294967295,0,0
Block,32,128,002E6195,0,1,1,4294967295,0,0
Block,64,288,003FB313,0,1,1,4294967295,0,0
Block,64,320,003499FD,0,1,1,4294967295,0,0
Block,64,352,00240AB2,0,1,1,4294967295,0,0
Block,96,352,002FF6A8,0,1,1,4294967295,0,0
Block,128,352,0012503B,0,1,1,4294967295,0,0
Block,160,352,002B40AA,0,1,1,4294967295,0,0
Block,192,352,002E6D00,0,1,1,4294967295,0,0
Block,224,352,0019259E,0,1,1,4294967295,0,0
Block,256,288,00190143,0,1,1,4294967295,0,0
Block,384,256,000109B8,0,1,1,4294967295,0,0
Block,416,288,001E3F63,0,1,1,4294967295,0,0
Block,448,288,00238C2F,0,1,1,4294967295,0,0
Block,480,288,0028400B,0,1,1,4294967295,0,0
Block,512,288,0031F7FA,0,1,1,4294967295,0,0
Block,704,448,000ECC4A,0,1,1,4294967295,0,0
Block,672,448,00336AB0,0,1,1,4294967295,0,0
Block,640,448,0012B1A4,0,1,1,4294967295,0,0
Block,608,448,000B3E1F,0,1,1,4294967295,0,0
Block,576,448,0002D70B,0,1,1,4294967295,0,0
Block,384,224,00061754,0,1,1,4294967295,0,0
Block,384,192,001AA25E,0,1,1,4294967295,0,0
Block,480,128,00120880,0,1,1,4294967295,0,0
Block,608,128,0036260A,0,1,1,4294967295,0,0
Block,608,160,000E1EA6,0,1,1,4294967295,0,0
Block,608,192,0010F729,0,1,1,4294967295,0,0
Block,576,192,00080C60,0,1,1,4294967295,0,0
Block,544,192,0032DFF0,0,1,1,4294967295,0,0
Block,512,192,003654D1,0,1,1,4294967295,0,0
Block,480,160,0038ACA7,0,1,1,4294967295,0,0
Block,480,192,00054057,0,1,1,4294967295,0,0
Block,256,160,002A19FC,0,1,1,4294967295,0,0
Block,256,192,0004EAD1,0,1,1,4294967295,0,0
Block,256,224,002B3E7A,0,1,1,4294967295,0,0
Block,256,256,003CF3F5,0,1,1,4294967295,0,0
Block,256,352,0002C3FE,0,1,1,4294967295,0,0
Block,288,352,001DDF94,0,1,1,4294967295,0,0
Block,320,192,002606A4,0,1,1,4294967295,0,0
Block,352,192,00070BF2,0,1,1,4294967295,0,0
Block,352,224,00165EC9,0,1,1,4294967295,0,0
Block,416,256,003C0786,0,1,1,4294967295,0,0
Block,384,448,0029CFF6,0,1,1,4294967295,0,0
Block,448,448,000049A7,0,1,1,4294967295,0,0
Block,160,384,001AB0BB,0,1,1,4294967295,0,0
Block,160,416,00264008,0,1,1,4294967295,0,0
Block,256,544,00244CB5,0,1,1,4294967295,0,0
Block,224,544,00326C56,0,1,1,4294967295,0,0
Block,224,512,002C7898,0,1,1,4294967295,0,0
Block,256,384,00052EB4,0,1,1,4294967295,0,0
Block,64,480,002FA3EB,0,1,1,4294967295,0,0
Block,64,512,0034C06B,0,1,1,4294967295,0,0
Block,64,544,00308E50,0,1,1,4294967295,0,0
Block,96,512,0014F530,0,1,1,4294967295,0,0
Block,96,544,00046229,0,1,1,4294967295,0,0
Block,32,544,0036A3DA,0,1,1,4294967295,0,0
Block,640,352,0005477B,0,1,1,4294967295,0,0
Block,608,352,0003D6CB,0,1,1,4294967295,0,0
Block,192,192,0036EA11,0,1,1,4294967295,0,0
Block,192,128,00193766,0,1,1,4294967295,0,0
Block,160,96,0035D185,0,1,1,4294967295,0,0
Block,704,416,001435EB,0,1,1,4294967295,0,0
Block,512,416,003C47FC,0,1,1,4294967295,0,0
Stone,64,256,002463AD,0,1,1,4294967295,0,0
Stone,192,160,00036343,0,1,1,4294967295,0,0
Stone,192,320,0004FA8F,0,1,1,4294967295,0,0
Stone,96,320,0016F400,0,1,1,4294967295,0,0
Stone,112,288,000F0858,0,1,1,4294967295,0,0
Stone,128,320,003C585D,0,1,1,4294967295,0,0
Stone,640,320,003AC219,0,1,1,4294967295,0,0
Stone,416,544,0012A5D8,0,1,1,4294967295,0,0
Stone,576,416,001543B8,0,1,1,4294967295,0,0
RenSpikeUp,608,96,0031CF7A,0,1,1,4294967295,0,0
RenSpikeUp,608,544,00294221,0,1,1,4294967295,0,0
RenSpikeUp,640,544,000D7797,0,1,1,4294967295,0,0
RenSpikeUp,672,544,00239040,0,1,1,4294967295,0,0
RenSpikeUp,704,544,000D6D27,0,1,1,4294967295,0,0
RenSpikeUp,736,544,001F1661,0,1,1,4294967295,0,0
RenSpikeUp,480,64,00378047,0,1,1,4294967295,0,0
RenSpikeUp,448,256,000303F7,0,1,1,4294967295,0,0
RenSpikeUp,480,256,00234B6A,0,1,1,4294967295,0,0
RenSpikeUp,608,256,000DC8A7,0,1,1,4294967295,0,0
RenSpikeUp,640,256,001E97E8,0,1,1,4294967295,0,0
RenSpikeUp,672,256,002E8B7E,0,1,1,4294967295,0,0
RenSpikeUp,704,256,001AD636,0,1,1,4294967295,0,0
RenSpikeUp,736,256,00035F9E,0,1,1,4294967295,0,0
RenSpikeUp,416,224,00052E6E,0,1,1,4294967295,0,0
RenSpikeUp,256,512,003BB3DC,0,1,1,4294967295,0,0
RenSpikeUp,384,416,00118510,0,1,1,4294967295,0,0
RenSpikeUp,448,416,0001740D,0,1,1,4294967295,0,0
RenSpikeUp,352,448,00223D27,0,1,1,4294967295,0,0
RenSpikeUp,416,448,00225B88,0,1,1,4294967295,0,0
RenSpikeUp,480,448,000D6F48,0,1,1,4294967295,0,0
RenSpikeUp,64,448,00120276,0,1,1,4294967295,0,0
RenSpikeUp,224,480,000C3060,0,1,1,4294967295,0,0
RenSpikeUp,192,544,0024BABA,0,1,1,4294967295,0,0
RenSpikeUp,128,544,0016A486,0,1,1,4294967295,0,0
RenSpikeUp,96,480,00026DD0,0,1,1,4294967295,0,0
RenSpikeUp,32,512,002A78DF,0,1,1,4294967295,0,0
WarpToHubPoint,640,416,003DFA49,0,1,1,4294967295,0,0
WarpToHub,416,96,0004EC8B,0,1,1,4294967295,0,0
RenSpikeUp,160,544,003D37BA,0,1,1,4294967295,0,0
RenSpikeUp,320,416,001C6033,0,1,1,4294967295,0,0
RenSpikeUp,32,96,004030BA,0,1,1,4294967295,0,0
MusicPlayer,96,32,0007ACAA,0,1,1,4294967295,0,0
RenWin,272,112,002DA1D4,0,1,1,4294967295,0,0
RenSave,416,96,00027718,0,1,1,4294967295,0,0
Butterfly,688,144,0005539A,0,1,1,4294967295,0,0
RenSpikeDown,640,32,00387712,0,1,1,4294967295,0,0
RenSpikeDown,576,32,0012A67C,0,1,1,4294967295,0,0
RenSpikeRight,352,352,00183933,0,1,1,4294967295,0,0
RenSave,640,416,001B86B4,0,1,1,4294967295,0,0
RenSpikeDown,704,480,0023502F,0,1,1,4294967295,0,0
RenSpikeDown,512,320,000EB16E,0,1,1,4294967295,0,0
RenSpikeRight,640,128,0001C2E8,0,1,1,4294967295,0,0
RenSpikeDown,384,288,0004162F,0,1,1,4294967295,0,0
RenSpikeDown,416,512,002817CB,0,1,1,4294967295,0,0
ButterflyH,160,224,00011CAF,0,1,1,4294967295,0,0
ButterflyV,544,64,002DA6BD,0,1,1,4294967295,0,0
ButterflyH,544,320,0033E47F,0,1,1,4294967295,0,0
Item3,720,512,0009B2B7,0,1,1,4294967295,0,0
Wasp,672,512,001AB90B,0,1,1,4294967295,0,0
WaspBlock,512,512,003011E3,0,1,1,4294967295,0,0
WaspBlock,544,448,000E3EE3,0,1,1,4294967295,0,0
RenSpikeDown,320,224,003AEE7C,0,1,1,4294967295,0,0
RenPlatform,448,256,53BCBC66,0,1,1,4294967295,0,1
RenSpikeDown,448,160,0021DD0B,0,1,1,4294967295,0,0
RenSpikeDown,224,384,0013F8A3,0,1,1,4294967295,0,0
RenSpikeDown,256,416,003CE74A,0,1,1,4294967295,0,0
RenSpikeDown,288,384,00156083,0,1,1,4294967295,0,0
RenPlatform,32,288,2EA514C4,0,1,1,4294967295,0,1
RenSpikeDown,32,160,0003E17B,0,1,1,4294967295,0,0
RenPlatform,288,432,0013039C,0,1,1,4294967295,0,1
RenSpikeDown,64,384,001AB817,0,1,1,4294967295,0,0
RenSpikeDown,96,384,001A1C6D,0,1,1,4294967295,0,0
RenSpikeDown,128,384,000737D1,0,1,1,4294967295,0,0
RenSpikeDown,192,384,000BF6CA,0,1,1,4294967295,0,0
RenSpikeDown,416,320,0022E0FA,0,1,1,4294967295,0,0
RenSpikeDown,544,224,0039E42D,0,1,1,4294967295,0,0
ButterflyH,128,64,001146F9,0,1,1,4294967295,0,0
RenPlatform,320,544,05E61BE0,0,1,1,4294967295,0,1
RenPlatform,128,496,7891EFA5,0,1,1,4294967295,0,1
RenSpikeDown,672,480,0039EF2B,0,1,1,4294967295,0,0
RenSpikeDown,640,480,0024A6CF,0,1,1,4294967295,0,0
RenSpikeDown,608,480,003CD651,0,1,1,4294967295,0,0
WaspBlock,736,448,0012BFD4,0,1,1,4294967295,0,0
RenSpikeRight,64,128,0027F815,0,1,1,4294967295,0,0
ButterflyH,160,512,001B3D65,0,1,1,4294967295,0,0
PlayerStart,384,96,0007B9E2,0,1,1,4294967295,0,0
Water2,224,96,003498DB,0,1,1,4294967295,0,0
Water2,256,96,00208F01,0,1,1,4294967295,0,0
Water2,288,96,00057A0E,0,1,1,4294967295,0,0
Water2,352,96,003B0DEB,0,1,1,4294967295,0,0
Water2,384,96,0009DAF3,0,1,1,4294967295,0,0
Water2,416,96,000BF797,0,1,1,4294967295,0,0
Water2,448,96,0016C998,0,1,1,4294967295,0,0
Water2,512,128,0035E1DA,0,1,1,4294967295,0,0
Water2,544,128,00053895,0,1,1,4294967295,0,0
Water2,576,128,0012642D,0,1,1,4294967295,0,0
Water2,512,160,001B0E66,0,1,1,4294967295,0,0
Water2,544,160,002C40F5,0,1,1,4294967295,0,0
Water2,576,160,003EED93,0,1,1,4294967295,0,0
Water2,288,544,00103707,0,1,1,4294967295,0,0
Water2,320,544,00055C20,0,1,1,4294967295,0,0
Water2,352,544,0013D6EC,0,1,1,4294967295,0,0
Water2,384,544,003C932E,0,1,1,4294967295,0,0
Water2,416,544,000B6618,0,1,1,4294967295,0,0
Water2,448,544,0020ED08,0,1,1,4294967295,0,0
Water2,480,544,002259DD,0,1,1,4294967295,0,0
Water2,512,544,0016836C,0,1,1,4294967295,0,0
Water2,544,544,0017070E,0,1,1,4294967295,0,0
Water2,576,544,002ED260,0,1,1,4294967295,0,0
Water2,608,544,000D2768,0,1,1,4294967295,0,0
Water2,640,544,00099C20,0,1,1,4294967295,0,0
Water2,672,544,0005F334,0,1,1,4294967295,0,0
Water2,704,544,003FC189,0,1,1,4294967295,0,0
Water2,736,544,00009478,0,1,1,4294967295,0,0
Water2,96,288,00305A1A,0,1,1,4294967295,0,0
Water2,128,288,00091F41,0,1,1,4294967295,0,0
Water2,160,288,0010ED08,0,1,1,4294967295,0,0
Water2,192,288,0011F307,0,1,1,4294967295,0,0
Water2,224,288,001BCBD8,0,1,1,4294967295,0,0
Water2,224,320,0028AC64,0,1,1,4294967295,0,0
Water2,192,320,00186A18,0,1,1,4294967295,0,0
Water2,160,320,00247C4E,0,1,1,4294967295,0,0
Water2,128,320,00352290,0,1,1,4294967295,0,0
Water2,96,320,00185F44,0,1,1,4294967295,0,0
Water2,384,576,886DC967,0,1,1,4294967295,0,1
Water2,192,96,00346104,0,1,1,4294967295,0,0
WaterSurface,96,288,00017BB3,0,1,1,4294967295,0,0
WaterSurface,288,544,002B1085,0,1,1,4294967295,0,0
WaterSurface,512,128,000F5883,0,1,1,4294967295,0,0
WaterSurface,192,96,002A0C35,0,1,1,4294967295,0,0
WaterSurface,352,96,00204693,0,1,1,4294967295,0,0
