WhiteRoomShadow,384,32,00057C6D,0,1,1,4294967295,0,0
AutoSign,512,96,3C42B5B7,0,1,1,4294967295,0,1
RenTiler,320,32,001C3932,0,1,1,4294967295,0,0
Block,0,0,0010AF4A,0,1,1,4294967295,0,0
Block,0,32,002883AA,0,1,1,4294967295,0,0
Block,0,64,0005087A,0,1,1,4294967295,0,0
Block,0,96,003E3512,0,1,1,4294967295,0,0
Block,0,128,0025C19A,0,1,1,4294967295,0,0
Block,0,160,001A25C8,0,1,1,4294967295,0,0
Block,0,192,002BC932,0,1,1,4294967295,0,0
Block,0,224,0010DEBC,0,1,1,4294967295,0,0
Block,0,256,0034BCF7,0,1,1,4294967295,0,0
Block,0,288,00016FE9,0,1,1,4294967295,0,0
Block,0,320,003109E1,0,1,1,4294967295,0,0
Block,0,352,00161D58,0,1,1,4294967295,0,0
Block,0,384,00222346,0,1,1,4294967295,0,0
Block,0,416,00210D96,0,1,1,4294967295,0,0
Block,0,448,002ECE6D,0,1,1,4294967295,0,0
Block,0,480,0022EDE8,0,1,1,4294967295,0,0
Block,0,512,003C8A31,0,1,1,4294967295,0,0
Block,0,544,0023536B,0,1,1,4294967295,0,0
Block,0,576,001CAAF9,0,1,1,4294967295,0,0
Block,32,576,0035F3DE,0,1,1,4294967295,0,0
Block,64,576,0001CE56,0,1,1,4294967295,0,0
Block,96,576,00067B36,0,1,1,4294967295,0,0
Block,128,576,002FACF8,0,1,1,4294967295,0,0
Block,160,576,0014FF81,0,1,1,4294967295,0,0
Block,192,576,001DF1E0,0,1,1,4294967295,0,0
Block,224,576,0016BE19,0,1,1,4294967295,0,0
Block,256,576,003BE9C3,0,1,1,4294967295,0,0
Block,288,576,002D9E8D,0,1,1,4294967295,0,0
Block,320,576,0006A298,0,1,1,4294967295,0,0
Block,352,576,00176167,0,1,1,4294967295,0,0
Block,384,576,000C29FB,0,1,1,4294967295,0,0
Block,416,576,001C0CD7,0,1,1,4294967295,0,0
Block,448,576,0011DB44,0,1,1,4294967295,0,0
Block,480,576,0012754B,0,1,1,4294967295,0,0
Block,512,576,0000A7A0,0,1,1,4294967295,0,0
Block,544,576,002F8A09,0,1,1,4294967295,0,0
Block,576,576,003332D8,0,1,1,4294967295,0,0
Block,608,576,0025CECA,0,1,1,4294967295,0,0
Block,640,576,0016A97B,0,1,1,4294967295,0,0
Block,672,576,003C9762,0,1,1,4294967295,0,0
Block,704,576,00073769,0,1,1,4294967295,0,0
Block,736,576,00351E7B,0,1,1,4294967295,0,0
Block,768,576,003FC939,0,1,1,4294967295,0,0
Block,768,544,00242A09,0,1,1,4294967295,0,0
Block,768,512,002AC0BA,0,1,1,4294967295,0,0
Block,768,480,00067B36,0,1,1,4294967295,0,0
Block,768,448,001C0C6C,0,1,1,4294967295,0,0
Block,768,416,0010290A,0,1,1,4294967295,0,0
Block,768,384,003B16D4,0,1,1,4294967295,0,0
Block,768,352,00262B78,0,1,1,4294967295,0,0
Block,768,320,0005E804,0,1,1,4294967295,0,0
Block,768,288,000C67BB,0,1,1,4294967295,0,0
Block,768,256,00056BC8,0,1,1,4294967295,0,0
Block,768,224,0030AE49,0,1,1,4294967295,0,0
Block,768,192,000CAB05,0,1,1,4294967295,0,0
Block,768,160,0005EB0A,0,1,1,4294967295,0,0
Block,768,128,00331CA7,0,1,1,4294967295,0,0
Block,768,96,0037DD9D,0,1,1,4294967295,0,0
Block,768,64,0037074F,0,1,1,4294967295,0,0
Block,768,32,00243428,0,1,1,4294967295,0,0
Block,768,0,00291E23,0,1,1,4294967295,0,0
Block,736,0,001EB9DB,0,1,1,4294967295,0,0
Block,704,0,00098B12,0,1,1,4294967295,0,0
Block,672,0,003CF2C6,0,1,1,4294967295,0,0
Block,640,0,000D5C23,0,1,1,4294967295,0,0
Block,608,0,00223524,0,1,1,4294967295,0,0
Block,576,0,001F0D3B,0,1,1,4294967295,0,0
Block,544,0,003B5D25,0,1,1,4294967295,0,0
Block,512,0,001F6E60,0,1,1,4294967295,0,0
Block,480,0,00012158,0,1,1,4294967295,0,0
Block,448,0,000800E3,0,1,1,4294967295,0,0
Block,416,0,00057824,0,1,1,4294967295,0,0
Block,384,0,0039CAA6,0,1,1,4294967295,0,0
Block,352,0,00288EE5,0,1,1,4294967295,0,0
Block,320,0,00240EBF,0,1,1,4294967295,0,0
Block,288,0,0037F4E6,0,1,1,4294967295,0,0
Block,256,0,002B4F75,0,1,1,4294967295,0,0
Block,224,0,0026A9B2,0,1,1,4294967295,0,0
Block,192,0,0025E7B0,0,1,1,4294967295,0,0
Block,160,0,0017E334,0,1,1,4294967295,0,0
Block,128,0,002BB88A,0,1,1,4294967295,0,0
Block,96,0,00001A97,0,1,1,4294967295,0,0
Block,64,0,002376AF,0,1,1,4294967295,0,0
Block,32,0,0005046E,0,1,1,4294967295,0,0
Block,32,192,000B5CBF,0,1,1,4294967295,0,0
Block,32,320,000110E0,0,1,1,4294967295,0,0
Block,96,128,00219ABE,0,1,1,4294967295,0,0
Block,128,128,00107376,0,1,1,4294967295,0,0
Block,160,128,0027D37A,0,1,1,4294967295,0,0
Block,192,128,003ACAEC,0,1,1,4294967295,0,0
Block,96,64,00275D0F,0,1,1,4294967295,0,0
Block,96,96,00102A51,0,1,1,4294967295,0,0
Block,96,160,002A542E,0,1,1,4294967295,0,0
Block,96,192,002C46D2,0,1,1,4294967295,0,0
Block,96,224,000EE931,0,1,1,4294967295,0,0
Block,96,256,00261E94,0,1,1,4294967295,0,0
Block,96,288,00178A70,0,1,1,4294967295,0,0
Block,96,320,00208755,0,1,1,4294967295,0,0
Block,128,320,00195C36,0,1,1,4294967295,0,0
Block,160,320,001DE9E0,0,1,1,4294967295,0,0
Block,192,320,00032F19,0,1,1,4294967295,0,0
Block,224,320,001038B0,0,1,1,4294967295,0,0
Block,256,320,00069F0F,0,1,1,4294967295,0,0
Block,288,320,0023659A,0,1,1,4294967295,0,0
Block,320,320,00215A98,0,1,1,4294967295,0,0
Block,352,320,00082A55,0,1,1,4294967295,0,0
Block,352,352,00151674,0,1,1,4294967295,0,0
Block,352,384,0016CC4D,0,1,1,4294967295,0,0
Block,352,416,0028A9CB,0,1,1,4294967295,0,0
Block,352,448,00105CAE,0,1,1,4294967295,0,0
Block,352,480,0018D0E2,0,1,1,4294967295,0,0
Block,352,512,0019245C,0,1,1,4294967295,0,0
Block,352,544,0017B969,0,1,1,4294967295,0,0
Block,224,448,0003F83B,0,1,1,4294967295,0,0
Block,192,448,002C2A54,0,1,1,4294967295,0,0
Block,96,448,001D678F,0,1,1,4294967295,0,0
Block,64,448,00076839,0,1,1,4294967295,0,0
Block,544,160,0039F681,0,1,1,4294967295,0,0
Block,576,192,001477E9,0,1,1,4294967295,0,0
Block,608,224,003483F4,0,1,1,4294967295,0,0
Block,640,256,00248457,0,1,1,4294967295,0,0
Block,672,288,00107957,0,1,1,4294967295,0,0
Block,672,320,0000741D,0,1,1,4294967295,0,0
Block,672,352,0007627B,0,1,1,4294967295,0,0
Block,672,384,001F9720,0,1,1,4294967295,0,0
Block,672,416,00205B1B,0,1,1,4294967295,0,0
Block,672,448,003A8E99,0,1,1,4294967295,0,0
Block,672,544,00332C77,0,1,1,4294967295,0,0
Block,736,512,001244D9,0,1,1,4294967295,0,0
Block,704,384,0039E5F0,0,1,1,4294967295,0,0
Block,704,192,0001AFEE,0,1,1,4294967295,0,0
Block,704,160,000130EA,0,1,1,4294967295,0,0
Block,704,128,001D3AC1,0,1,1,4294967295,0,0
Block,704,96,0025772C,0,1,1,4294967295,0,0
Block,704,64,003BBEC3,0,1,1,4294967295,0,0
Block,672,64,0021AD74,0,1,1,4294967295,0,0
Block,384,512,00330B62,0,1,1,4294967295,0,0
Block,416,512,000DC968,0,1,1,4294967295,0,0
Block,448,512,000ABE1E,0,1,1,4294967295,0,0
Block,480,512,0024B57E,0,1,1,4294967295,0,0
Block,96,544,003C2553,0,1,1,4294967295,0,0
Block,192,96,00337859,0,1,1,4294967295,0,0
Block,128,448,00392123,0,1,1,4294967295,0,0
Block,160,448,001735CE,0,1,1,4294967295,0,0
Block,32,64,002A2451,0,1,1,4294967295,0,0
Block,288,512,00347636,0,1,1,4294967295,0,0
Block,32,448,001BE448,0,1,1,4294967295,0,0
Block,640,64,000A0EAB,0,1,1,4294967295,0,0
Block,512,128,003D710D,0,1,1,4294967295,0,0
Block,160,32,0034C26C,0,1,1,4294967295,0,0
Block,192,160,003017B9,0,1,1,4294967295,0,0
Block,64,256,003A05D1,0,1,1,4294967295,0,0
Block,64,128,003CBDB5,0,1,1,4294967295,0,0
WarpToHub,64,544,0037F134,0,1,1,4294967295,0,0
WarpToHubPoint,160,96,0011E21A,0,1,1,4294967295,0,0
RenApple,160,544,0015F4DC,0,1,1,4294967295,0,0
RenClown,32,384,001F871A,0,1,1,4294967295,0,0
RenApple,128,416,002712C3,0,1,1,4294967295,0,0
RenClownPath,48,48,003E046E,0,1,1,4294967295,0,0
RenClown,128,224,003EC75C,0,1,1,4294967295,0,0
RenClown,128,256,0022BD4C,0,1,1,4294967295,0,0
RenClown,128,288,0002F414,0,1,1,4294967295,0,0
RenClown,256,288,002E78C7,0,1,1,4294967295,0,0
RenClown,288,288,0002AA37,0,1,1,4294967295,0,0
RenClown,320,288,003EFDE5,0,1,1,4294967295,0,0
RenApple,704,320,0035E82B,0,1,1,4294967295,0,0
RenApple,640,224,001F89CF,0,1,1,4294967295,0,0
RenApple,544,128,00242D68,0,1,1,4294967295,0,0
RenRegdemoText,416,208,003AD2D1,0,1,1,4294967295,0,0
RenApple,704,544,000194D7,0,1,1,4294967295,0,0
RenApple,384,544,0038C544,0,1,1,4294967295,0,0
RenApple,480,320,000DC533,0,1,1,4294967295,0,0
RenApple,192,288,003A78E1,0,1,1,4294967295,0,0
RenTrapStar,736,192,0004EBD9,0,1,1,4294967295,0,0
RenHitBallV,224,544,002AF5AA,0,1,1,4294967295,0,0
RenHitBallV,112,416,000563FE,0,1,1,4294967295,0,0
RenHitBallU,208,400,00096CA4,0,1,1,4294967295,0,0
RenHitBallD,48,368,00339744,0,1,1,4294967295,0,0
RenWin,176,304,0012F6EA,0,1,1,4294967295,0,0
RenSave,160,96,0036F1FB,0,1,1,4294967295,0,0
RenSave,64,544,000FDDC8,0,1,1,4294967295,0,0
RenHitBallU,656,192,0026EAEA,0,1,1,4294967295,0,0
RenHitBallH,608,144,003FFD7F,0,1,1,4294967295,0,0
RenHitBallU,320,464,0019E17F,0,1,1,4294967295,0,0
RenHitBallD,176,512,0025BA50,0,1,1,4294967295,0,0
RenTrapStar,320,352,0029BBAF,0,1,1,4294967295,0,0
RenAtomBomb,624,272,001BEDDB,0,1,1,4294967295,0,0
MusicPlayer,352,32,0016455A,0,1,1,4294967295,0,0
Item8,736,128,00339F0B,0,1,1,4294967295,0,0
RenApple,704,416,002FC328,0,1,1,4294967295,0,0
RenClown,224,288,0025E938,0,1,1,4294967295,0,0
RenClown,128,192,001B1BE1,0,1,1,4294967295,0,0
PacDot,64,32,003B75D5,0,1,1,4294967295,0,0
PacDot,64,64,002F7821,0,1,1,4294967295,0,0
PacDot,64,96,000BB951,0,1,1,4294967295,0,0
PacDot,32,96,00086126,0,1,1,4294967295,0,0
PacDot,32,128,0030232E,0,1,1,4294967295,0,0
PacDot,32,160,002AA049,0,1,1,4294967295,0,0
PacDot,64,160,00187127,0,1,1,4294967295,0,0
PacDot,64,192,0026BAA1,0,1,1,4294967295,0,0
PacDot,64,224,000D9540,0,1,1,4294967295,0,0
PacDot,32,224,00348046,0,1,1,4294967295,0,0
PacDot,32,256,000BA0BB,0,1,1,4294967295,0,0
PacDot,32,288,00323878,0,1,1,4294967295,0,0
PacDot,64,288,00112119,0,1,1,4294967295,0,0
PacDot,64,320,0021680B,0,1,1,4294967295,0,0
PacDot,64,352,0037CB5B,0,1,1,4294967295,0,0
PacDot,64,384,00197828,0,1,1,4294967295,0,0
PacDot,64,416,0036E9D0,0,1,1,4294967295,0,0
PacDot,96,416,0037634C,0,1,1,4294967295,0,0
PacDot,96,384,000807AA,0,1,1,4294967295,0,0
PacDot,96,352,0002FAAB,0,1,1,4294967295,0,0
PacDot,128,352,0009DEF5,0,1,1,4294967295,0,0
PacDot,128,384,0002B480,0,1,1,4294967295,0,0
PacDot,160,384,00131C21,0,1,1,4294967295,0,0
PacDot,160,416,00343E5C,0,1,1,4294967295,0,0
PacDot,192,416,003E023F,0,1,1,4294967295,0,0
PacDot,224,416,000807C0,0,1,1,4294967295,0,0
PacDot,256,416,0015D48D,0,1,1,4294967295,0,0
PacDot,288,416,00111C61,0,1,1,4294967295,0,0
PacDot,320,416,003B6848,0,1,1,4294967295,0,0
PacDot,320,384,003FE87E,0,1,1,4294967295,0,0
PacDot,320,352,00234681,0,1,1,4294967295,0,0
PacDot,288,352,00246C50,0,1,1,4294967295,0,0
PacDot,256,352,0003BE2E,0,1,1,4294967295,0,0
PacDot,224,352,000D7913,0,1,1,4294967295,0,0
PacDot,192,352,00072A25,0,1,1,4294967295,0,0
PacDot,160,352,002AAC97,0,1,1,4294967295,0,0
PacDot,288,384,0010034A,0,1,1,4294967295,0,0
PacDot,256,384,0033A61B,0,1,1,4294967295,0,0
PacDot,224,384,00220738,0,1,1,4294967295,0,0
PacDot,192,384,002EF3AE,0,1,1,4294967295,0,0
PacDot,256,448,001F08E0,0,1,1,4294967295,0,0
PacDot,288,448,0025846F,0,1,1,4294967295,0,0
PacDot,320,448,00060154,0,1,1,4294967295,0,0
PacDot,320,480,003EC559,0,1,1,4294967295,0,0
PacDot,288,480,0009EBAB,0,1,1,4294967295,0,0
PacDot,256,480,0039843C,0,1,1,4294967295,0,0
PacDot,256,512,0032395F,0,1,1,4294967295,0,0
PacDot,256,544,00312B62,0,1,1,4294967295,0,0
PacDot,288,544,00342284,0,1,1,4294967295,0,0
PacDot,320,544,0028E9CA,0,1,1,4294967295,0,0
PacDot,320,512,003061B3,0,1,1,4294967295,0,0
PacDot,224,544,00228BA1,0,1,1,4294967295,0,0
PacDot,224,512,0008588A,0,1,1,4294967295,0,0
PacDot,192,512,003DD9DC,0,1,1,4294967295,0,0
PacDot,192,544,00166441,0,1,1,4294967295,0,0
PacDot,160,512,001EE474,0,1,1,4294967295,0,0
PacDot,128,512,0038142E,0,1,1,4294967295,0,0
PacDot,128,480,000B6923,0,1,1,4294967295,0,0
PacDot,96,480,000E6677,0,1,1,4294967295,0,0
PacDot,64,480,003C2D49,0,1,1,4294967295,0,0
PacDot,32,480,0036DBC9,0,1,1,4294967295,0,0
PacDot,32,512,00115DBA,0,1,1,4294967295,0,0
PacDot,32,544,0036F93F,0,1,1,4294967295,0,0
PacDot,64,544,002096CD,0,1,1,4294967295,0,0
PacDot,64,512,0001C8CD,0,1,1,4294967295,0,0
PacDot,96,512,000E8B0F,0,1,1,4294967295,0,0
PlayerStart,32,544,0021434E,0,1,1,4294967295,0,0
