WarpToHub,224,288,,0,1,1,4294967295,0
RenTiler,160,160,,0,1,1,4294967295,0
Block,512,576,,0,1,1,4294967295,0
Block,480,576,,0,1,1,4294967295,0
Block,448,576,,0,1,1,4294967295,0
Block,416,576,,0,1,1,4294967295,0
Block,384,576,,0,1,1,4294967295,0
Block,352,576,,0,1,1,4294967295,0
Block,320,576,,0,1,1,4294967295,0
Block,288,576,,0,1,1,4294967295,0
Block,256,576,,0,1,1,4294967295,0
Block,224,576,,0,1,1,4294967295,0
Block,192,576,,0,1,1,4294967295,0
Block,160,576,,0,1,1,4294967295,0
Block,128,576,,0,1,1,4294967295,0
Block,96,576,,0,1,1,4294967295,0
Block,64,576,,0,1,1,4294967295,0
Block,32,576,,0,1,1,4294967295,0
Block,0,576,,0,1,1,4294967295,0
Block,0,544,,0,1,1,4294967295,0
Block,0,512,,0,1,1,4294967295,0
Block,0,480,,0,1,1,4294967295,0
Block,0,448,,0,1,1,4294967295,0
Block,0,416,,0,1,1,4294967295,0
Block,0,384,,0,1,1,4294967295,0
Block,0,352,,0,1,1,4294967295,0
Block,0,320,,0,1,1,4294967295,0
Block,0,288,,0,1,1,4294967295,0
Block,0,256,,0,1,1,4294967295,0
Block,0,224,,0,1,1,4294967295,0
Block,0,192,,0,1,1,4294967295,0
Block,0,160,,0,1,1,4294967295,0
Block,0,128,,0,1,1,4294967295,0
Block,0,96,,0,1,1,4294967295,0
Block,0,64,,0,1,1,4294967295,0
Block,0,32,,0,1,1,4294967295,0
Block,0,0,,0,1,1,4294967295,0
Block,32,0,,0,1,1,4294967295,0
Block,64,0,,0,1,1,4294967295,0
Block,96,0,,0,1,1,4294967295,0
Block,128,0,,0,1,1,4294967295,0
Block,160,0,,0,1,1,4294967295,0
Block,192,0,,0,1,1,4294967295,0
Block,224,0,,0,1,1,4294967295,0
Block,256,0,,0,1,1,4294967295,0
Block,288,0,,0,1,1,4294967295,0
Block,320,0,,0,1,1,4294967295,0
Block,352,0,,0,1,1,4294967295,0
Block,384,0,,0,1,1,4294967295,0
Block,416,0,,0,1,1,4294967295,0
Block,448,0,,0,1,1,4294967295,0
Block,480,0,,0,1,1,4294967295,0
Block,512,0,,0,1,1,4294967295,0
Block,544,0,,0,1,1,4294967295,0
Block,576,0,,0,1,1,4294967295,0
Block,608,0,,0,1,1,4294967295,0
Block,640,0,,0,1,1,4294967295,0
Block,672,0,,0,1,1,4294967295,0
Block,704,0,,0,1,1,4294967295,0
Block,736,0,,0,1,1,4294967295,0
Block,768,0,,0,1,1,4294967295,0
Block,768,32,,0,1,1,4294967295,0
Block,768,64,,0,1,1,4294967295,0
Block,768,96,,0,1,1,4294967295,0
Block,768,128,,0,1,1,4294967295,0
Block,768,160,,0,1,1,4294967295,0
Block,768,192,,0,1,1,4294967295,0
Block,768,224,,0,1,1,4294967295,0
Block,768,256,,0,1,1,4294967295,0
Block,768,288,,0,1,1,4294967295,0
Block,768,320,,0,1,1,4294967295,0
Block,768,352,,0,1,1,4294967295,0
Block,768,384,,0,1,1,4294967295,0
Block,768,416,,0,1,1,4294967295,0
Block,768,448,,0,1,1,4294967295,0
Block,768,480,,0,1,1,4294967295,0
Block,768,512,,0,1,1,4294967295,0
Block,768,544,,0,1,1,4294967295,0
Block,768,576,,0,1,1,4294967295,0
Block,736,576,,0,1,1,4294967295,0
Block,704,576,,0,1,1,4294967295,0
Block,672,576,,0,1,1,4294967295,0
Block,640,576,,0,1,1,4294967295,0
Block,608,576,,0,1,1,4294967295,0
Block,576,576,,0,1,1,4294967295,0
Block,544,576,,0,1,1,4294967295,0
Block,160,320,,0,1,1,4294967295,0
Block,32,128,,0,1,1,4294967295,0
Block,96,128,,0,1,1,4294967295,0
Block,128,128,,0,1,1,4294967295,0
Block,160,128,,0,1,1,4294967295,0
Block,192,128,,0,1,1,4294967295,0
Block,256,128,,0,1,1,4294967295,0
Block,288,128,,0,1,1,4294967295,0
Block,320,128,,0,1,1,4294967295,0
Block,352,128,,0,1,1,4294967295,0
Block,384,128,,0,1,1,4294967295,0
Block,416,128,,0,1,1,4294967295,0
Block,448,128,,0,1,1,4294967295,0
Block,480,128,,0,1,1,4294967295,0
Block,512,128,,0,1,1,4294967295,0
Block,544,128,,0,1,1,4294967295,0
Block,576,128,,0,1,1,4294967295,0
Block,608,128,,0,1,1,4294967295,0
Block,640,128,,0,1,1,4294967295,0
Block,224,128,,0,1,1,4294967295,0
Block,384,160,,0,1,1,4294967295,0
Block,384,288,,0,1,1,4294967295,0
Block,384,320,,0,1,1,4294967295,0
Block,384,352,,0,1,1,4294967295,0
Block,384,384,,0,1,1,4294967295,0
Block,384,416,,0,1,1,4294967295,0
Block,384,544,,0,1,1,4294967295,0
Block,128,320,,0,1,1,4294967295,0
Block,192,320,,0,1,1,4294967295,0
Block,224,320,,0,1,1,4294967295,0
Block,256,320,,0,1,1,4294967295,0
Block,672,448,,0,1,1,4294967295,0
Block,640,448,,0,1,1,4294967295,0
Block,608,448,,0,1,1,4294967295,0
Block,544,448,,0,1,1,4294967295,0
Block,576,448,,0,1,1,4294967295,0
Block,544,352,,0,1,1,4294967295,0
Block,416,352,,0,1,1,4294967295,0
Block,608,256,,0,1,1,4294967295,0
Block,640,256,,0,1,1,4294967295,0
Block,672,256,,0,1,1,4294967295,0
Block,704,256,,0,1,1,4294967295,0
Block,736,256,,0,1,1,4294967295,0
Block,448,352,,0,1,1,4294967295,0
Block,480,352,,0,1,1,4294967295,0
Block,512,352,,0,1,1,4294967295,0
RenFrog2,96,96,,0,1,1,4294967295,0
RenFrog2,128,544,,0,1,1,4294967295,0
RenFrog2,352,96,,0,1,1,4294967295,0
WarpToHubPoint,448,544,,0,1,1,4294967295,0
RenWin,48,112,,0,1,1,4294967295,0
RenApple,32,320,,0,1,1,4294967295,0
RenApple,96,320,,0,1,1,4294967295,0
RenApple,288,320,,0,1,1,4294967295,0
RenApple,320,320,,0,1,1,4294967295,0
RenClown,384,224,,0,1,1,4294967295,0
RenSave,224,288,,0,1,1,4294967295,0
RenApple,32,416,,0,1,1,4294967295,0
RenApple,64,416,,0,1,1,4294967295,0
RenApple,96,416,,0,1,1,4294967295,0
RenApple,288,416,,0,1,1,4294967295,0
RenApple,320,416,,0,1,1,4294967295,0
RenApple,352,416,,0,1,1,4294967295,0
RenApple,384,448,,0,1,1,4294967295,0
RenApple,384,512,,0,1,1,4294967295,0
RenFrog,224,96,,0,1,1,4294967295,0
RenFrog,480,96,,0,1,1,4294967295,0
RenFrog,608,96,,0,1,1,4294967295,0
RenFrog,672,416,,0,1,1,4294967295,0
RenFrog,544,320,,0,1,1,4294967295,0
RenApple,480,320,,0,1,1,4294967295,0
RenApple,608,416,,0,1,1,4294967295,0
RenApple,672,224,,0,1,1,4294967295,0
RenApple,608,160,,0,1,1,4294967295,0
RenSave,448,544,,0,1,1,4294967295,0
RenApple,384,192,,0,1,1,4294967295,0
RenApple,384,256,,0,1,1,4294967295,0
RenTrapStar,64,128,,0,1,1,4294967295,0
MusicPlayer,192,160,,0,1,1,4294967295,0
Item4,320,368,,0,1,1,4294967295,0
RenTrapStar,704,288,,0,1,1,4294967295,0
PlayerStart,160,288,,0,1,1,4294967295,0
