WhiteRoomShadow,96,32,002212F1,0,1,1,4294967295,0,0
RenTiler,32,32,200B1E59,0,1,1,4294967295,0,1
Block,512,576,0031805C,0,1,1,4294967295,0,0
Block,480,576,0028A1C8,0,1,1,4294967295,0,0
Block,448,576,00054CB7,0,1,1,4294967295,0,0
Block,416,576,00390210,0,1,1,4294967295,0,0
Block,384,576,00123487,0,1,1,4294967295,0,0
Block,352,576,000F28AD,0,1,1,4294967295,0,0
Block,320,576,0017F0DD,0,1,1,4294967295,0,0
Block,288,576,0006D886,0,1,1,4294967295,0,0
Block,256,576,0005BBD8,0,1,1,4294967295,0,0
Block,224,576,001862DE,0,1,1,4294967295,0,0
Block,192,576,001A5AA7,0,1,1,4294967295,0,0
Block,160,576,001D65E7,0,1,1,4294967295,0,0
Block,128,576,0011946E,0,1,1,4294967295,0,0
Block,96,576,001C6D3A,0,1,1,4294967295,0,0
Block,64,576,0023D008,0,1,1,4294967295,0,0
Block,32,576,0009A23C,0,1,1,4294967295,0,0
Block,0,576,001E24FA,0,1,1,4294967295,0,0
Block,0,544,000EA9E9,0,1,1,4294967295,0,0
Block,0,512,00186935,0,1,1,4294967295,0,0
Block,0,480,0018E878,0,1,1,4294967295,0,0
Block,0,448,0025BA7C,0,1,1,4294967295,0,0
Block,0,416,001B12AE,0,1,1,4294967295,0,0
Block,0,384,002E9325,0,1,1,4294967295,0,0
Block,0,352,000632C8,0,1,1,4294967295,0,0
Block,0,320,00067D76,0,1,1,4294967295,0,0
Block,0,288,001E84A2,0,1,1,4294967295,0,0
Block,0,256,001AB348,0,1,1,4294967295,0,0
Block,0,224,00348A46,0,1,1,4294967295,0,0
Block,0,192,002D57BE,0,1,1,4294967295,0,0
Block,0,160,001A5A81,0,1,1,4294967295,0,0
Block,0,128,001FD45C,0,1,1,4294967295,0,0
Block,0,96,002966C1,0,1,1,4294967295,0,0
Block,0,64,000312F2,0,1,1,4294967295,0,0
Block,0,32,0012C0B6,0,1,1,4294967295,0,0
Block,0,0,0030BC04,0,1,1,4294967295,0,0
Block,32,0,002E1FD1,0,1,1,4294967295,0,0
Block,64,0,00136A2B,0,1,1,4294967295,0,0
Block,96,0,0015447F,0,1,1,4294967295,0,0
Block,128,0,00313434,0,1,1,4294967295,0,0
Block,160,0,001B06C6,0,1,1,4294967295,0,0
Block,192,0,0027F81D,0,1,1,4294967295,0,0
Block,224,0,00350495,0,1,1,4294967295,0,0
Block,256,0,003C6C40,0,1,1,4294967295,0,0
Block,288,0,002CADB0,0,1,1,4294967295,0,0
Block,320,0,00262418,0,1,1,4294967295,0,0
Block,352,0,00116631,0,1,1,4294967295,0,0
Block,384,0,00287967,0,1,1,4294967295,0,0
Block,416,0,000CC8FA,0,1,1,4294967295,0,0
Block,448,0,000CC71E,0,1,1,4294967295,0,0
Block,480,0,00077A32,0,1,1,4294967295,0,0
Block,512,0,0022B83C,0,1,1,4294967295,0,0
Block,544,0,003DF919,0,1,1,4294967295,0,0
Block,576,0,00394E5E,0,1,1,4294967295,0,0
Block,608,0,00139EB0,0,1,1,4294967295,0,0
Block,640,0,0033E02D,0,1,1,4294967295,0,0
Block,672,0,0027EB28,0,1,1,4294967295,0,0
Block,704,0,001E3C61,0,1,1,4294967295,0,0
Block,736,0,0038344E,0,1,1,4294967295,0,0
Block,768,0,00137852,0,1,1,4294967295,0,0
Block,768,32,001E0A10,0,1,1,4294967295,0,0
Block,768,64,0015BB5E,0,1,1,4294967295,0,0
Block,768,96,00141373,0,1,1,4294967295,0,0
Block,768,128,0035DB8A,0,1,1,4294967295,0,0
Block,768,160,00248BF7,0,1,1,4294967295,0,0
Block,768,192,000968F3,0,1,1,4294967295,0,0
Block,768,224,00166063,0,1,1,4294967295,0,0
Block,768,256,002CADB0,0,1,1,4294967295,0,0
Block,768,288,000A641F,0,1,1,4294967295,0,0
Block,768,320,002C770F,0,1,1,4294967295,0,0
Block,768,352,001FB056,0,1,1,4294967295,0,0
Block,768,384,0013827B,0,1,1,4294967295,0,0
Block,768,416,003CFC94,0,1,1,4294967295,0,0
Block,768,448,001CC86F,0,1,1,4294967295,0,0
Block,768,480,0005EFC6,0,1,1,4294967295,0,0
Block,768,512,0013B5AE,0,1,1,4294967295,0,0
Block,768,544,0019905B,0,1,1,4294967295,0,0
Block,768,576,000A01A6,0,1,1,4294967295,0,0
Block,736,576,0017C00A,0,1,1,4294967295,0,0
Block,704,576,0028EAFD,0,1,1,4294967295,0,0
Block,672,576,002F551A,0,1,1,4294967295,0,0
Block,640,576,00315936,0,1,1,4294967295,0,0
Block,608,576,00140333,0,1,1,4294967295,0,0
Block,576,576,002ABC26,0,1,1,4294967295,0,0
Block,544,576,003CC015,0,1,1,4294967295,0,0
Block,320,416,003B4329,0,1,1,4294967295,0,0
Block,96,352,0025D63A,0,1,1,4294967295,0,0
Block,96,224,003AD574,0,1,1,4294967295,0,0
Block,224,224,0004260A,0,1,1,4294967295,0,0
Block,224,352,000A6F77,0,1,1,4294967295,0,0
Block,352,448,0022FE0D,0,1,1,4294967295,0,0
Block,96,464,0026FCAC,0,1,1,4294967295,0,0
Block,224,480,0014F730,0,1,1,4294967295,0,0
Block,608,320,00191A51,0,1,1,4294967295,0,0
Block,736,320,0018C4D2,0,1,1,4294967295,0,0
Block,512,128,002EF6ED,0,1,1,4294967295,0,0
Block,736,192,00113D51,0,1,1,4294967295,0,0
Block,160,96,003C8AA2,0,1,1,4294967295,0,0
Block,736,448,0033CA4D,0,1,1,4294967295,0,0
Block,608,192,00394986,0,1,1,4294967295,0,0
Block,480,416,001BBCFB,0,1,1,4294967295,0,0
Block,608,448,003C12DF,0,1,1,4294967295,0,0
Block,384,96,003E3391,0,1,1,4294967295,0,0
RenKillerLogo,469,275,00157E71,0,1,1,4294967295,0,0
Block,160,416,000A1EF5,0,1,1,4294967295,0,0
WarpToHub,352,416,0030A117,0,1,1,4294967295,0,0
RenFrog2,352,544,0017F519,0,1,1,4294967295,0,0
RenFrog2,96,192,0007BB8A,0,1,1,4294967295,0,0
RenFrog2,608,416,00122CCB,0,1,1,4294967295,0,0
RenFrog2,608,160,00136716,0,1,1,4294967295,0,0
RenSpikeUp,288,544,002CAE8B,0,1,1,4294967295,0,0
RenSpikeUp,256,544,00319C60,0,1,1,4294967295,0,0
RenSpikeUp,224,544,003025E8,0,1,1,4294967295,0,0
RenSpikeUp,192,544,001D9971,0,1,1,4294967295,0,0
RenSpikeUp,128,544,000237D7,0,1,1,4294967295,0,0
RenSpikeUp,64,544,002AD2F1,0,1,1,4294967295,0,0
RenSpikeUp,96,544,00266115,0,1,1,4294967295,0,0
RenSpikeUp,224,448,002AFEA8,0,1,1,4294967295,0,0
RenSpikeUp,320,544,0030F413,0,1,1,4294967295,0,0
RenSpikeUp,384,544,000AAFD3,0,1,1,4294967295,0,0
RenSpikeUp,416,544,0031D555,0,1,1,4294967295,0,0
RenSpikeUp,448,544,0015B902,0,1,1,4294967295,0,0
RenSpikeUp,512,544,000C69B4,0,1,1,4294967295,0,0
RenSpikeUp,544,544,002C76C4,0,1,1,4294967295,0,0
RenSpikeUp,576,544,0006DA7F,0,1,1,4294967295,0,0
RenSpikeUp,640,544,0008C9F2,0,1,1,4294967295,0,0
RenSpikeUp,672,544,000646C1,0,1,1,4294967295,0,0
RenSpikeUp,704,544,00276D03,0,1,1,4294967295,0,0
RenSpikeUp,224,320,00236DB7,0,1,1,4294967295,0,0
RenSpikeUp,96,320,00089F66,0,1,1,4294967295,0,0
RenSpikeUp,480,384,000AE9FA,0,1,1,4294967295,0,0
RenSpikeUp,160,240,0015569B,0,1,1,4294967295,0,0
RenSpikeUp,160,544,0038A02B,0,1,1,4294967295,0,0
RenSpikeUp,32,544,000B9F10,0,1,1,4294967295,0,0
RenWin,176,304,000766D3,0,1,1,4294967295,0,0
RenSave,352,416,00348DA5,0,1,1,4294967295,0,0
RenSpikeDown,224,256,00334F7A,0,1,1,4294967295,0,0
RenSpikeDown,96,256,00299132,0,1,1,4294967295,0,0
RenSpikeRight,128,352,003069EE,0,1,1,4294967295,0,0
RenSpikeRight,128,224,00136CCF,0,1,1,4294967295,0,0
RenSpikeLeft,192,352,001A6AE3,0,1,1,4294967295,0,0
RenSpikeLeft,192,224,0010ECFB,0,1,1,4294967295,0,0
RenSpikeDown,224,384,002BEC5B,0,1,1,4294967295,0,0
RenSpikeLeft,64,464,0005A5C7,0,1,1,4294967295,0,0
RenSpikeDown,96,496,001B4D7E,0,1,1,4294967295,0,0
RenSpikeRight,256,224,00202821,0,1,1,4294967295,0,0
RenSpikeRight,256,352,001D52A6,0,1,1,4294967295,0,0
RenSpikeLeft,64,352,003AAFC0,0,1,1,4294967295,0,0
RenSpikeLeft,64,224,0038DE51,0,1,1,4294967295,0,0
RenFrog,736,544,000AC7B4,0,1,1,4294967295,0,0
RenSpikeRight,256,480,002794B5,0,1,1,4294967295,0,0
RenSpikeRight,640,192,0025C91C,0,1,1,4294967295,0,0
RenSpikeDown,608,352,00269669,0,1,1,4294967295,0,0
RenSpikeRight,192,96,0026197A,0,1,1,4294967295,0,0
RenSpikeLeft,128,96,0024AB02,0,1,1,4294967295,0,0
RenSpikeLeft,192,480,001F4AF2,0,1,1,4294967295,0,0
RenFrog,736,288,0030497D,0,1,1,4294967295,0,0
RenSpikeDown,608,224,0026232B,0,1,1,4294967295,0,0
RenSpikeRight,544,128,0005610B,0,1,1,4294967295,0,0
RenSpikeLeft,480,128,000EDD96,0,1,1,4294967295,0,0
RenSpikeDown,512,160,00102DBA,0,1,1,4294967295,0,0
RenSpikeDown,736,352,00214213,0,1,1,4294967295,0,0
RenSpikeDown,736,480,003436C0,0,1,1,4294967295,0,0
RenSpikeDown,736,224,000A6BF8,0,1,1,4294967295,0,0
RenSpikeDown,608,480,000B4F24,0,1,1,4294967295,0,0
RenSpikeLeft,704,320,00349422,0,1,1,4294967295,0,0
RenSpikeDown,608,32,0001CBB4,0,1,1,4294967295,0,0
RenSpikeDown,384,128,0027F1DE,0,1,1,4294967295,0,0
RenSpikeLeft,704,192,003C7AEF,0,1,1,4294967295,0,0
RenSpikeLeft,112,288,000E2531,0,1,1,4294967295,0,0
RenSpikeRight,208,288,0014ABBA,0,1,1,4294967295,0,0
RenSpikeDown,736,32,000B87F7,0,1,1,4294967295,0,0
MusicPlayer,64,32,000DBD6A,0,1,1,4294967295,0,0
DodgeBall,528,112,002E5C9E,0,1,1,4294967295,0,0
Item2,736,160,000A0C5B,0,1,1,4294967295,0,0
RenSpikeDown,320,32,003C4617,0,1,1,4294967295,0,0
RenSpikeDown,448,32,000A5F0D,0,1,1,4294967295,0,0
RenSpikeLeft,352,96,001983EC,0,1,1,4294967295,0,0
RenSpikeRight,416,96,002F94E3,0,1,1,4294967295,0,0
RenSpikeRight,192,416,00015EF0,0,1,1,4294967295,0,0
RenSpikeDown,160,448,003E3EB4,0,1,1,4294967295,0,0
PlayerStart,320,384,001BCF77,0,1,1,4294967295,0,0
